Sequential:
Grana   -   Tezina
(0  -  77)	1
(0  -  282)	1
(0  -  335)	1
(0  -  538)	1
(0  -  615)	1
(0  -  690)	1
(0  -  697)	1
(0  -  758)	1
(0  -  766)	1
(0  -  821)	1
(0  -  1314)	1
(0  -  1332)	1
(0  -  1675)	1
(0  -  1788)	1
(0  -  1954)	1
(0  -  1972)	1
(0  -  1976)	1
(0  -  1982)	1
(0  -  2069)	1
(0  -  2368)	1
(0  -  2419)	1
(0  -  2539)	1
(0  -  2587)	1
(0  -  2753)	1
(0  -  3139)	1
(0  -  3151)	1
(0  -  3217)	1
(0  -  3378)	1
(0  -  3533)	1
(0  -  3635)	1
(0  -  3811)	1
(0  -  3846)	1
(0  -  3883)	1
(0  -  3960)	1
(0  -  4004)	1
(0  -  4162)	1
(0  -  4216)	1
(0  -  4232)	1
(0  -  4459)	1
(0  -  4557)	1
(0  -  4627)	1
(0  -  4940)	1
(77  -  49)	1
(49  -  97)	1
(49  -  210)	1
(49  -  325)	1
(49  -  402)	1
(49  -  569)	1
(49  -  609)	1
(49  -  662)	1
(49  -  724)	1
(49  -  779)	1
(49  -  906)	1
(49  -  947)	1
(49  -  974)	1
(49  -  1057)	1
(49  -  1137)	1
(49  -  1321)	1
(49  -  1331)	1
(49  -  1334)	1
(49  -  1529)	1
(49  -  1616)	1
(49  -  1642)	1
(49  -  2017)	1
(49  -  2024)	1
(49  -  2105)	1
(49  -  2289)	1
(49  -  2385)	1
(49  -  2408)	1
(49  -  2470)	1
(49  -  2676)	1
(49  -  2793)	1
(49  -  2880)	1
(49  -  2969)	1
(49  -  3208)	1
(49  -  3370)	1
(49  -  3681)	1
(49  -  3712)	1
(49  -  3734)	1
(49  -  3748)	1
(49  -  3788)	1
(49  -  3841)	1
(49  -  3903)	1
(49  -  3986)	1
(49  -  4160)	1
(49  -  4171)	1
(49  -  4299)	1
(49  -  4486)	1
(49  -  4523)	1
(49  -  4657)	1
(49  -  4735)	1
(49  -  4930)	1
(49  -  4995)	1
(77  -  205)	1
(77  -  362)	1
(77  -  393)	1
(77  -  523)	1
(77  -  654)	1
(77  -  680)	1
(77  -  803)	1
(77  -  932)	1
(77  -  995)	1
(77  -  1121)	1
(77  -  1125)	1
(77  -  1260)	1
(77  -  1289)	1
(77  -  1308)	1
(77  -  1379)	1
(77  -  1410)	1
(77  -  1440)	1
(77  -  1452)	1
(77  -  1535)	1
(77  -  1620)	1
(77  -  1671)	1
(77  -  1814)	1
(77  -  1830)	1
(77  -  2010)	1
(77  -  2075)	1
(77  -  2235)	1
(77  -  2394)	1
(77  -  2479)	1
(77  -  2665)	1
(77  -  2837)	1
(77  -  3422)	1
(77  -  3431)	1
(77  -  3492)	1
(77  -  3779)	1
(77  -  3783)	1
(77  -  3860)	1
(77  -  3915)	1
(77  -  4111)	1
(77  -  4179)	1
(77  -  4185)	1
(77  -  4186)	1
(77  -  4350)	1
(77  -  4397)	1
(77  -  4438)	1
(77  -  4478)	1
(77  -  4547)	1
(77  -  4689)	1
(77  -  4717)	1
(77  -  4720)	1
(77  -  4762)	1
(77  -  4833)	1
(97  -  17)	1
(17  -  3)	1
(3  -  66)	1
(3  -  360)	1
(3  -  610)	1
(3  -  704)	1
(3  -  765)	1
(3  -  972)	1
(3  -  1139)	1
(3  -  1175)	1
(3  -  1246)	1
(3  -  1255)	1
(3  -  1753)	1
(3  -  1763)	1
(3  -  1810)	1
(3  -  1894)	1
(3  -  1925)	1
(3  -  1992)	1
(3  -  2048)	1
(3  -  2204)	1
(3  -  2344)	1
(3  -  2503)	1
(3  -  2593)	1
(3  -  2689)	1
(3  -  2758)	1
(3  -  2770)	1
(3  -  2809)	1
(3  -  2893)	1
(3  -  3099)	1
(3  -  3146)	1
(3  -  3213)	1
(3  -  3221)	1
(3  -  3224)	1
(3  -  3250)	1
(3  -  3538)	1
(3  -  3550)	1
(3  -  3559)	1
(3  -  3613)	1
(3  -  3691)	1
(3  -  3838)	1
(3  -  4022)	1
(3  -  4106)	1
(3  -  4144)	1
(3  -  4258)	1
(3  -  4310)	1
(3  -  4340)	1
(3  -  4358)	1
(3  -  4439)	1
(3  -  4490)	1
(3  -  4531)	1
(3  -  4589)	1
(3  -  4653)	1
(3  -  4744)	1
(3  -  4823)	1
(3  -  4906)	1
(17  -  28)	1
(17  -  110)	1
(17  -  122)	1
(17  -  209)	1
(17  -  358)	1
(17  -  380)	1
(17  -  435)	1
(17  -  525)	1
(17  -  612)	1
(17  -  648)	1
(17  -  815)	1
(17  -  1153)	1
(17  -  1210)	1
(17  -  1250)	1
(17  -  1377)	1
(17  -  1438)	1
(17  -  1533)	1
(17  -  1621)	1
(17  -  1639)	1
(17  -  1732)	1
(17  -  1986)	1
(17  -  2033)	1
(17  -  2278)	1
(17  -  2414)	1
(17  -  2747)	1
(17  -  2761)	1
(17  -  2818)	1
(17  -  3019)	1
(17  -  3068)	1
(17  -  3153)	1
(17  -  3293)	1
(17  -  3458)	1
(17  -  3485)	1
(17  -  3599)	1
(17  -  3650)	1
(17  -  3675)	1
(17  -  3698)	1
(17  -  3925)	1
(17  -  3932)	1
(17  -  3968)	1
(17  -  3977)	1
(17  -  4097)	1
(17  -  4139)	1
(17  -  4150)	1
(17  -  4295)	1
(17  -  4416)	1
(17  -  4449)	1
(17  -  4526)	1
(28  -  175)	1
(28  -  296)	1
(28  -  475)	1
(28  -  696)	1
(28  -  749)	1
(28  -  844)	1
(28  -  1158)	1
(28  -  1265)	1
(28  -  1404)	1
(28  -  1563)	1
(28  -  1581)	1
(28  -  1605)	1
(28  -  1696)	1
(28  -  1895)	1
(28  -  2030)	1
(28  -  2045)	1
(28  -  2111)	1
(28  -  2366)	1
(28  -  2605)	1
(28  -  2663)	1
(28  -  2874)	1
(28  -  2986)	1
(28  -  3065)	1
(28  -  3132)	1
(28  -  3209)	1
(28  -  3350)	1
(28  -  3557)	1
(28  -  3702)	1
(28  -  3744)	1
(28  -  3840)	1
(28  -  3859)	1
(28  -  3905)	1
(28  -  3948)	1
(28  -  4035)	1
(28  -  4047)	1
(28  -  4377)	1
(28  -  4427)	1
(28  -  4440)	1
(28  -  4503)	1
(28  -  4604)	1
(28  -  4680)	1
(28  -  4708)	1
(28  -  4798)	1
(28  -  4912)	1
(28  -  4958)	1
(28  -  4972)	1
(66  -  138)	1
(66  -  441)	1
(66  -  618)	1
(66  -  641)	1
(66  -  752)	1
(66  -  986)	1
(66  -  1030)	1
(66  -  1132)	1
(66  -  1216)	1
(66  -  1309)	1
(66  -  1320)	1
(66  -  1572)	1
(66  -  1622)	1
(66  -  1782)	1
(66  -  1950)	1
(66  -  2058)	1
(66  -  2203)	1
(66  -  2303)	1
(66  -  2378)	1
(66  -  2532)	1
(66  -  2833)	1
(66  -  3200)	1
(66  -  3283)	1
(66  -  3313)	1
(66  -  3451)	1
(66  -  3609)	1
(66  -  3794)	1
(66  -  3800)	1
(66  -  4055)	1
(66  -  4114)	1
(66  -  4158)	1
(66  -  4327)	1
(66  -  4387)	1
(66  -  4456)	1
(66  -  4500)	1
(66  -  4525)	1
(66  -  4625)	1
(66  -  4794)	1
(66  -  4807)	1
(97  -  59)	1
(59  -  35)	1
(35  -  228)	1
(35  -  285)	1
(35  -  331)	1
(35  -  430)	1
(35  -  448)	1
(35  -  483)	1
(35  -  660)	1
(35  -  801)	1
(35  -  824)	1
(35  -  931)	1
(35  -  1050)	1
(35  -  1310)	1
(35  -  1386)	1
(35  -  1597)	1
(35  -  1626)	1
(35  -  1680)	1
(35  -  1701)	1
(35  -  1716)	1
(35  -  1784)	1
(35  -  1839)	1
(35  -  1869)	1
(35  -  1973)	1
(35  -  1995)	1
(35  -  2086)	1
(35  -  2129)	1
(35  -  2373)	1
(35  -  2564)	1
(35  -  2791)	1
(35  -  2824)	1
(35  -  2963)	1
(35  -  3136)	1
(35  -  3160)	1
(35  -  3243)	1
(35  -  3263)	1
(35  -  3324)	1
(35  -  3355)	1
(35  -  3415)	1
(35  -  3578)	1
(35  -  3751)	1
(35  -  3804)	1
(35  -  3805)	1
(35  -  3972)	1
(35  -  3991)	1
(35  -  4002)	1
(35  -  4221)	1
(35  -  4236)	1
(35  -  4349)	1
(35  -  4628)	1
(35  -  4637)	1
(35  -  4819)	1
(35  -  4848)	1
(35  -  4921)	1
(35  -  4959)	1
(59  -  157)	1
(59  -  184)	1
(59  -  220)	1
(59  -  278)	1
(59  -  463)	1
(59  -  548)	1
(59  -  611)	1
(59  -  627)	1
(59  -  674)	1
(59  -  707)	1
(59  -  804)	1
(59  -  825)	1
(59  -  1061)	1
(59  -  1511)	1
(59  -  1600)	1
(59  -  1669)	1
(59  -  1682)	1
(59  -  1683)	1
(59  -  1738)	1
(59  -  1762)	1
(59  -  1884)	1
(59  -  1888)	1
(59  -  2011)	1
(59  -  2044)	1
(59  -  2121)	1
(59  -  2138)	1
(59  -  2164)	1
(59  -  2187)	1
(59  -  2225)	1
(59  -  2241)	1
(59  -  2358)	1
(59  -  2628)	1
(59  -  2863)	1
(59  -  2928)	1
(59  -  3090)	1
(59  -  3157)	1
(59  -  3330)	1
(59  -  3364)	1
(59  -  3542)	1
(59  -  3729)	1
(59  -  3908)	1
(59  -  3974)	1
(59  -  3979)	1
(59  -  4058)	1
(59  -  4075)	1
(59  -  4163)	1
(59  -  4452)	1
(59  -  4510)	1
(59  -  4592)	1
(59  -  4690)	1
(59  -  4716)	1
(59  -  4734)	1
(59  -  4758)	1
(59  -  4837)	1
(59  -  4870)	1
(59  -  4917)	1
(97  -  84)	1
(84  -  155)	1
(84  -  254)	1
(84  -  371)	1
(84  -  493)	1
(84  -  583)	1
(84  -  635)	1
(84  -  661)	1
(84  -  729)	1
(84  -  772)	1
(84  -  813)	1
(84  -  869)	1
(84  -  872)	1
(84  -  886)	1
(84  -  975)	1
(84  -  1013)	1
(84  -  1037)	1
(84  -  1040)	1
(84  -  1044)	1
(84  -  1106)	1
(84  -  1135)	1
(84  -  1145)	1
(84  -  1170)	1
(84  -  1441)	1
(84  -  1477)	1
(84  -  1715)	1
(84  -  1733)	1
(84  -  1803)	1
(84  -  1845)	1
(84  -  1906)	1
(84  -  1946)	1
(84  -  1985)	1
(84  -  2003)	1
(84  -  2097)	1
(84  -  2474)	1
(84  -  2907)	1
(84  -  2912)	1
(84  -  3073)	1
(84  -  3142)	1
(84  -  3292)	1
(84  -  3562)	1
(84  -  3759)	1
(84  -  3958)	1
(84  -  3963)	1
(84  -  4079)	1
(84  -  4181)	1
(84  -  4189)	1
(84  -  4429)	1
(84  -  4502)	1
(84  -  4676)	1
(84  -  4900)	1
(97  -  105)	1
(97  -  107)	1
(97  -  256)	1
(97  -  270)	1
(97  -  286)	1
(97  -  291)	1
(97  -  388)	1
(97  -  474)	1
(97  -  753)	1
(97  -  984)	1
(97  -  1056)	1
(97  -  1162)	1
(97  -  1199)	1
(97  -  1474)	1
(97  -  1531)	1
(97  -  1719)	1
(97  -  1870)	1
(97  -  1873)	1
(97  -  2081)	1
(97  -  2436)	1
(97  -  2495)	1
(97  -  2772)	1
(97  -  3137)	1
(97  -  3173)	1
(97  -  3201)	1
(97  -  3333)	1
(97  -  3484)	1
(97  -  3525)	1
(97  -  3567)	1
(97  -  3664)	1
(97  -  3671)	1
(97  -  3741)	1
(97  -  3904)	1
(97  -  3965)	1
(97  -  3989)	1
(97  -  3992)	1
(97  -  4284)	1
(97  -  4292)	1
(97  -  4481)	1
(97  -  4524)	1
(97  -  4583)	1
(97  -  4643)	1
(97  -  4996)	1
(105  -  22)	1
(22  -  326)	1
(22  -  334)	1
(22  -  634)	1
(22  -  711)	1
(22  -  1127)	1
(22  -  1287)	1
(22  -  1401)	1
(22  -  1584)	1
(22  -  1799)	1
(22  -  2257)	1
(22  -  2304)	1
(22  -  2409)	1
(22  -  2554)	1
(22  -  2580)	1
(22  -  2649)	1
(22  -  2983)	1
(22  -  3020)	1
(22  -  3029)	1
(22  -  3190)	1
(22  -  3317)	1
(22  -  3396)	1
(22  -  3619)	1
(22  -  3642)	1
(22  -  3869)	1
(22  -  3906)	1
(22  -  3975)	1
(22  -  4001)	1
(22  -  4007)	1
(22  -  4068)	1
(22  -  4501)	1
(22  -  4562)	1
(22  -  4706)	1
(22  -  4796)	1
(22  -  4882)	1
(22  -  4979)	1
(105  -  361)	1
(105  -  397)	1
(105  -  546)	1
(105  -  678)	1
(105  -  791)	1
(105  -  807)	1
(105  -  827)	1
(105  -  905)	1
(105  -  918)	1
(105  -  1035)	1
(105  -  1053)	1
(105  -  1203)	1
(105  -  1206)	1
(105  -  1242)	1
(105  -  1328)	1
(105  -  1562)	1
(105  -  1778)	1
(105  -  1838)	1
(105  -  1857)	1
(105  -  2193)	1
(105  -  2318)	1
(105  -  2352)	1
(105  -  2570)	1
(105  -  2637)	1
(105  -  2813)	1
(105  -  2866)	1
(105  -  2894)	1
(105  -  3128)	1
(105  -  3310)	1
(105  -  3332)	1
(105  -  3349)	1
(105  -  3703)	1
(105  -  3898)	1
(105  -  4127)	1
(105  -  4136)	1
(105  -  4242)	1
(105  -  4343)	1
(105  -  4420)	1
(105  -  4488)	1
(105  -  4714)	1
(105  -  4766)	1
(105  -  4938)	1
(105  -  4950)	1
(105  -  4969)	1
(107  -  54)	1
(54  -  33)	1
(33  -  108)	1
(33  -  265)	1
(33  -  419)	1
(33  -  537)	1
(33  -  576)	1
(33  -  676)	1
(33  -  891)	1
(33  -  1001)	1
(33  -  1209)	1
(33  -  1378)	1
(33  -  1414)	1
(33  -  1725)	1
(33  -  1744)	1
(33  -  1848)	1
(33  -  1908)	1
(33  -  1990)	1
(33  -  2092)	1
(33  -  2134)	1
(33  -  2200)	1
(33  -  2251)	1
(33  -  2261)	1
(33  -  2264)	1
(33  -  2354)	1
(33  -  2359)	1
(33  -  2417)	1
(33  -  2560)	1
(33  -  2832)	1
(33  -  2841)	1
(33  -  2966)	1
(33  -  3176)	1
(33  -  3249)	1
(33  -  3290)	1
(33  -  3316)	1
(33  -  3445)	1
(33  -  3516)	1
(33  -  3762)	1
(33  -  3767)	1
(33  -  3830)	1
(33  -  3852)	1
(33  -  3928)	1
(33  -  4024)	1
(33  -  4250)	1
(33  -  4399)	1
(33  -  4408)	1
(33  -  4473)	1
(33  -  4640)	1
(33  -  4654)	1
(33  -  4693)	1
(33  -  4733)	1
(33  -  4890)	1
(33  -  4961)	1
(54  -  608)	1
(54  -  613)	1
(54  -  655)	1
(54  -  694)	1
(54  -  930)	1
(54  -  1100)	1
(54  -  1241)	1
(54  -  1549)	1
(54  -  1553)	1
(54  -  1555)	1
(54  -  1592)	1
(54  -  1638)	1
(54  -  1663)	1
(54  -  1711)	1
(54  -  1731)	1
(54  -  2055)	1
(54  -  2213)	1
(54  -  2259)	1
(54  -  2447)	1
(54  -  2567)	1
(54  -  2646)	1
(54  -  2789)	1
(54  -  3053)	1
(54  -  3062)	1
(54  -  3110)	1
(54  -  3150)	1
(54  -  3247)	1
(54  -  4155)	1
(54  -  4254)	1
(54  -  4302)	1
(54  -  4316)	1
(54  -  4659)	1
(54  -  4743)	1
(54  -  4757)	1
(54  -  4760)	1
(54  -  4899)	1
(107  -  127)	1
(107  -  156)	1
(107  -  344)	1
(107  -  347)	1
(107  -  699)	1
(107  -  991)	1
(107  -  1041)	1
(107  -  1144)	1
(107  -  1179)	1
(107  -  1446)	1
(107  -  1456)	1
(107  -  1859)	1
(107  -  1900)	1
(107  -  1975)	1
(107  -  2118)	1
(107  -  2739)	1
(107  -  2814)	1
(107  -  2916)	1
(107  -  2938)	1
(107  -  2980)	1
(107  -  3031)	1
(107  -  3232)	1
(107  -  3281)	1
(107  -  3289)	1
(107  -  3470)	1
(107  -  3598)	1
(107  -  3616)	1
(107  -  4016)	1
(107  -  4128)	1
(107  -  4166)	1
(107  -  4415)	1
(107  -  4460)	1
(107  -  4496)	1
(107  -  4602)	1
(107  -  4644)	1
(107  -  4780)	1
(107  -  4786)	1
(107  -  4831)	1
(107  -  4835)	1
(107  -  4846)	1
(108  -  6)	1
(6  -  277)	1
(6  -  557)	1
(6  -  577)	1
(6  -  594)	1
(6  -  626)	1
(6  -  792)	1
(6  -  833)	1
(6  -  989)	1
(6  -  1268)	1
(6  -  1411)	1
(6  -  1429)	1
(6  -  1582)	1
(6  -  1602)	1
(6  -  1713)	1
(6  -  1910)	1
(6  -  1993)	1
(6  -  2313)	1
(6  -  2315)	1
(6  -  2320)	1
(6  -  2440)	1
(6  -  2631)	1
(6  -  2713)	1
(6  -  2900)	1
(6  -  2922)	1
(6  -  2925)	1
(6  -  2929)	1
(6  -  2957)	1
(6  -  2989)	1
(6  -  3040)	1
(6  -  3072)	1
(6  -  3129)	1
(6  -  3134)	1
(6  -  3147)	1
(6  -  3367)	1
(6  -  3374)	1
(6  -  3387)	1
(6  -  3430)	1
(6  -  3466)	1
(6  -  3686)	1
(6  -  3886)	1
(6  -  3936)	1
(6  -  4775)	1
(6  -  4818)	1
(6  -  4853)	1
(6  -  4935)	1
(108  -  267)	1
(108  -  287)	1
(108  -  394)	1
(108  -  418)	1
(108  -  433)	1
(108  -  616)	1
(108  -  622)	1
(108  -  730)	1
(108  -  735)	1
(108  -  808)	1
(108  -  1032)	1
(108  -  1123)	1
(108  -  1213)	1
(108  -  1234)	1
(108  -  1254)	1
(108  -  1453)	1
(108  -  1834)	1
(108  -  1965)	1
(108  -  2228)	1
(108  -  2691)	1
(108  -  2810)	1
(108  -  2819)	1
(108  -  2887)	1
(108  -  3034)	1
(108  -  3227)	1
(108  -  3354)	1
(108  -  3363)	1
(108  -  3404)	1
(108  -  3407)	1
(108  -  3727)	1
(108  -  3907)	1
(108  -  4426)	1
(108  -  4599)	1
(108  -  4645)	1
(108  -  4731)	1
(108  -  4868)	1
(110  -  73)	1
(73  -  23)	1
(23  -  177)	1
(23  -  218)	1
(23  -  221)	1
(23  -  387)	1
(23  -  426)	1
(23  -  468)	1
(23  -  929)	1
(23  -  1071)	1
(23  -  1084)	1
(23  -  1303)	1
(23  -  1338)	1
(23  -  1476)	1
(23  -  1525)	1
(23  -  1537)	1
(23  -  1578)	1
(23  -  1640)	1
(23  -  1684)	1
(23  -  1766)	1
(23  -  1943)	1
(23  -  2173)	1
(23  -  2190)	1
(23  -  2234)	1
(23  -  2260)	1
(23  -  2308)	1
(23  -  2330)	1
(23  -  2627)	1
(23  -  2861)	1
(23  -  3059)	1
(23  -  3336)	1
(23  -  3432)	1
(23  -  3482)	1
(23  -  3596)	1
(23  -  3761)	1
(23  -  3773)	1
(23  -  3801)	1
(23  -  3927)	1
(23  -  3941)	1
(23  -  4051)	1
(23  -  4351)	1
(23  -  4542)	1
(23  -  4649)	1
(23  -  4691)	1
(23  -  4701)	1
(23  -  4859)	1
(23  -  4862)	1
(73  -  245)	1
(73  -  1009)	1
(73  -  1124)	1
(73  -  1564)	1
(73  -  1687)	1
(73  -  1688)	1
(73  -  1706)	1
(73  -  1755)	1
(73  -  1984)	1
(73  -  2019)	1
(73  -  2051)	1
(73  -  2065)	1
(73  -  2471)	1
(73  -  2504)	1
(73  -  2512)	1
(73  -  2696)	1
(73  -  2697)	1
(73  -  2752)	1
(73  -  2878)	1
(73  -  2959)	1
(73  -  3278)	1
(73  -  3319)	1
(73  -  3418)	1
(73  -  3454)	1
(73  -  3476)	1
(73  -  3553)	1
(73  -  3558)	1
(73  -  3625)	1
(73  -  3647)	1
(73  -  3776)	1
(73  -  3795)	1
(73  -  3829)	1
(73  -  3921)	1
(73  -  4112)	1
(73  -  4187)	1
(73  -  4801)	1
(73  -  4804)	1
(73  -  4824)	1
(73  -  4856)	1
(73  -  4944)	1
(110  -  443)	1
(110  -  750)	1
(110  -  878)	1
(110  -  967)	1
(110  -  1039)	1
(110  -  1204)	1
(110  -  1288)	1
(110  -  1493)	1
(110  -  1961)	1
(110  -  2284)	1
(110  -  2316)	1
(110  -  2478)	1
(110  -  2804)	1
(110  -  2906)	1
(110  -  3212)	1
(110  -  3237)	1
(110  -  3239)	1
(110  -  3255)	1
(110  -  3309)	1
(110  -  3348)	1
(110  -  3434)	1
(110  -  3601)	1
(110  -  3610)	1
(110  -  3633)	1
(110  -  3750)	1
(110  -  3826)	1
(110  -  3910)	1
(110  -  3945)	1
(110  -  3998)	1
(110  -  4025)	1
(110  -  4286)	1
(110  -  4334)	1
(110  -  4703)	1
(110  -  4874)	1
(110  -  4878)	1
(110  -  4895)	1
(110  -  4914)	1
(122  -  149)	1
(122  -  428)	1
(122  -  478)	1
(122  -  489)	1
(122  -  580)	1
(122  -  681)	1
(122  -  958)	1
(122  -  1029)	1
(122  -  1122)	1
(122  -  1178)	1
(122  -  1185)	1
(122  -  1405)	1
(122  -  1506)	1
(122  -  1587)	1
(122  -  1829)	1
(122  -  1854)	1
(122  -  1904)	1
(122  -  2079)	1
(122  -  2256)	1
(122  -  2533)	1
(122  -  2541)	1
(122  -  2551)	1
(122  -  2749)	1
(122  -  2859)	1
(122  -  2970)	1
(122  -  3048)	1
(122  -  3660)	1
(122  -  3693)	1
(122  -  3839)	1
(122  -  3993)	1
(122  -  4109)	1
(122  -  4341)	1
(127  -  9)	1
(9  -  57)	1
(9  -  131)	1
(9  -  451)	1
(9  -  510)	1
(9  -  624)	1
(9  -  702)	1
(9  -  820)	1
(9  -  1000)	1
(9  -  1046)	1
(9  -  1101)	1
(9  -  1228)	1
(9  -  1248)	1
(9  -  1422)	1
(9  -  1444)	1
(9  -  1473)	1
(9  -  1589)	1
(9  -  1686)	1
(9  -  1855)	1
(9  -  2025)	1
(9  -  2091)	1
(9  -  2108)	1
(9  -  2274)	1
(9  -  2275)	1
(9  -  2356)	1
(9  -  2421)	1
(9  -  2487)	1
(9  -  2515)	1
(9  -  2700)	1
(9  -  2704)	1
(9  -  3026)	1
(9  -  3091)	1
(9  -  3204)	1
(9  -  3272)	1
(9  -  3274)	1
(9  -  3294)	1
(9  -  3440)	1
(9  -  3504)	1
(9  -  3644)	1
(9  -  3760)	1
(9  -  3844)	1
(9  -  3897)	1
(9  -  4168)	1
(9  -  4240)	1
(9  -  4464)	1
(9  -  4528)	1
(9  -  4548)	1
(9  -  4830)	1
(9  -  4881)	1
(9  -  4966)	1
(57  -  91)	1
(57  -  279)	1
(57  -  513)	1
(57  -  522)	1
(57  -  550)	1
(57  -  600)	1
(57  -  686)	1
(57  -  731)	1
(57  -  740)	1
(57  -  776)	1
(57  -  832)	1
(57  -  853)	1
(57  -  861)	1
(57  -  1031)	1
(57  -  1097)	1
(57  -  1360)	1
(57  -  1554)	1
(57  -  1672)	1
(57  -  1801)	1
(57  -  2004)	1
(57  -  2224)	1
(57  -  2426)	1
(57  -  2459)	1
(57  -  2499)	1
(57  -  2577)	1
(57  -  2610)	1
(57  -  2699)	1
(57  -  2808)	1
(57  -  2964)	1
(57  -  3022)	1
(57  -  3104)	1
(57  -  3165)	1
(57  -  3392)	1
(57  -  3564)	1
(57  -  3621)	1
(57  -  3882)	1
(57  -  4306)	1
(57  -  4348)	1
(57  -  4483)	1
(57  -  4573)	1
(57  -  4777)	1
(91  -  2)	1
(2  -  137)	1
(2  -  165)	1
(2  -  304)	1
(2  -  663)	1
(2  -  899)	1
(2  -  913)	1
(2  -  948)	1
(2  -  1312)	1
(2  -  1460)	1
(2  -  1520)	1
(2  -  1856)	1
(2  -  2002)	1
(2  -  2136)	1
(2  -  2171)	1
(2  -  2265)	1
(2  -  2569)	1
(2  -  2767)	1
(2  -  2803)	1
(2  -  2849)	1
(2  -  3071)	1
(2  -  3188)	1
(2  -  3234)	1
(2  -  3240)	1
(2  -  3656)	1
(2  -  3728)	1
(2  -  3797)	1
(2  -  3803)	1
(2  -  3847)	1
(2  -  3953)	1
(2  -  4096)	1
(2  -  4116)	1
(2  -  4137)	1
(2  -  4207)	1
(2  -  4313)	1
(2  -  4361)	1
(2  -  4405)	1
(2  -  4686)	1
(2  -  4986)	1
(91  -  36)	1
(36  -  363)	1
(36  -  385)	1
(36  -  401)	1
(36  -  714)	1
(36  -  764)	1
(36  -  773)	1
(36  -  954)	1
(36  -  1313)	1
(36  -  1673)	1
(36  -  1793)	1
(36  -  1927)	1
(36  -  2133)	1
(36  -  2145)	1
(36  -  2226)	1
(36  -  2243)	1
(36  -  2267)	1
(36  -  2480)	1
(36  -  2501)	1
(36  -  2502)	1
(36  -  2643)	1
(36  -  2694)	1
(36  -  2962)	1
(36  -  3079)	1
(36  -  3179)	1
(36  -  3318)	1
(36  -  3344)	1
(36  -  3522)	1
(36  -  3528)	1
(36  -  3566)	1
(36  -  3888)	1
(36  -  4044)	1
(36  -  4273)	1
(36  -  4279)	1
(36  -  4328)	1
(36  -  4674)	1
(36  -  4719)	1
(36  -  4741)	1
(36  -  4753)	1
(36  -  4965)	1
(91  -  50)	1
(50  -  292)	1
(50  -  407)	1
(50  -  464)	1
(50  -  467)	1
(50  -  476)	1
(50  -  536)	1
(50  -  964)	1
(50  -  1025)	1
(50  -  1168)	1
(50  -  1212)	1
(50  -  1417)	1
(50  -  1567)	1
(50  -  1694)	1
(50  -  1949)	1
(50  -  2215)	1
(50  -  2319)	1
(50  -  2361)	1
(50  -  2370)	1
(50  -  2668)	1
(50  -  2823)	1
(50  -  2858)	1
(50  -  2869)	1
(50  -  2934)	1
(50  -  3007)	1
(50  -  3181)	1
(50  -  3389)	1
(50  -  3595)	1
(50  -  3641)	1
(50  -  3695)	1
(50  -  3798)	1
(50  -  3854)	1
(50  -  4134)	1
(50  -  4262)	1
(50  -  4673)	1
(50  -  4759)	1
(50  -  4769)	1
(91  -  499)	1
(91  -  588)	1
(91  -  689)	1
(91  -  755)	1
(91  -  830)	1
(91  -  902)	1
(91  -  949)	1
(91  -  959)	1
(91  -  985)	1
(91  -  1058)	1
(91  -  1164)	1
(91  -  1229)	1
(91  -  1237)	1
(91  -  1297)	1
(91  -  1300)	1
(91  -  1402)	1
(91  -  1502)	1
(91  -  1508)	1
(91  -  1547)	1
(91  -  1619)	1
(91  -  1714)	1
(91  -  1789)	1
(91  -  1817)	1
(91  -  2159)	1
(91  -  2167)	1
(91  -  2311)	1
(91  -  2518)	1
(91  -  2664)	1
(91  -  3051)	1
(91  -  3080)	1
(91  -  3315)	1
(91  -  3531)	1
(91  -  3726)	1
(91  -  3873)	1
(91  -  4244)	1
(91  -  4587)	1
(91  -  4610)	1
(91  -  4617)	1
(91  -  4618)	1
(91  -  4725)	1
(91  -  4857)	1
(127  -  118)	1
(118  -  369)	1
(118  -  505)	1
(118  -  520)	1
(118  -  632)	1
(118  -  1104)	1
(118  -  1215)	1
(118  -  1459)	1
(118  -  1482)	1
(118  -  1624)	1
(118  -  1629)	1
(118  -  1646)	1
(118  -  1652)	1
(118  -  1668)	1
(118  -  1678)	1
(118  -  1707)	1
(118  -  1791)	1
(118  -  1890)	1
(118  -  2008)	1
(118  -  2049)	1
(118  -  2249)	1
(118  -  2492)	1
(118  -  2523)	1
(118  -  2585)	1
(118  -  2683)	1
(118  -  2692)	1
(118  -  2777)	1
(118  -  2785)	1
(118  -  2873)	1
(118  -  3138)	1
(118  -  3216)	1
(118  -  3519)	1
(118  -  3549)	1
(118  -  3981)	1
(118  -  4069)	1
(118  -  4268)	1
(118  -  4336)	1
(118  -  4344)	1
(118  -  4414)	1
(118  -  4447)	1
(118  -  4840)	1
(118  -  4982)	1
(127  -  179)	1
(127  -  339)	1
(127  -  532)	1
(127  -  703)	1
(127  -  726)	1
(127  -  1115)	1
(127  -  1154)	1
(127  -  1187)	1
(127  -  1295)	1
(127  -  1435)	1
(127  -  1580)	1
(127  -  1815)	1
(127  -  2149)	1
(127  -  2153)	1
(127  -  2183)	1
(127  -  2317)	1
(127  -  2454)	1
(127  -  2483)	1
(127  -  2595)	1
(127  -  2829)	1
(127  -  3047)	1
(127  -  3414)	1
(127  -  3489)	1
(127  -  3496)	1
(127  -  3763)	1
(127  -  3790)	1
(127  -  3792)	1
(127  -  3796)	1
(127  -  3877)	1
(127  -  4084)	1
(127  -  4103)	1
(127  -  4125)	1
(127  -  4149)	1
(127  -  4527)	1
(127  -  4826)	1
(127  -  4960)	1
(131  -  5)	1
(5  -  158)	1
(5  -  170)	1
(5  -  288)	1
(5  -  368)	1
(5  -  642)	1
(5  -  805)	1
(5  -  912)	1
(5  -  1105)	1
(5  -  1198)	1
(5  -  1269)	1
(5  -  1397)	1
(5  -  1427)	1
(5  -  1489)	1
(5  -  1695)	1
(5  -  2114)	1
(5  -  2434)	1
(5  -  2466)	1
(5  -  3006)	1
(5  -  3084)	1
(5  -  3087)	1
(5  -  3089)	1
(5  -  3236)	1
(5  -  3339)	1
(5  -  3483)	1
(5  -  3574)	1
(5  -  3717)	1
(5  -  3957)	1
(5  -  4108)	1
(5  -  4289)	1
(5  -  4308)	1
(5  -  4332)	1
(5  -  4362)	1
(5  -  4390)	1
(5  -  4469)	1
(131  -  148)	1
(131  -  266)	1
(131  -  306)	1
(131  -  645)	1
(131  -  685)	1
(131  -  701)	1
(131  -  798)	1
(131  -  936)	1
(131  -  971)	1
(131  -  1416)	1
(131  -  1579)	1
(131  -  1650)	1
(131  -  1889)	1
(131  -  2168)	1
(131  -  2292)	1
(131  -  2442)	1
(131  -  2513)	1
(131  -  2760)	1
(131  -  2896)	1
(131  -  2981)	1
(131  -  3145)	1
(131  -  3155)	1
(131  -  3326)	1
(131  -  3426)	1
(131  -  3437)	1
(131  -  3505)	1
(131  -  3588)	1
(131  -  3606)	1
(131  -  4140)	1
(131  -  4300)	1
(131  -  4386)	1
(131  -  4593)	1
(131  -  4611)	1
(131  -  4683)	1
(131  -  4721)	1
(131  -  4827)	1
(131  -  4834)	1
(131  -  4879)	1
(131  -  4949)	1
(137  -  178)	1
(137  -  566)	1
(137  -  720)	1
(137  -  879)	1
(137  -  968)	1
(137  -  1120)	1
(137  -  1281)	1
(137  -  1434)	1
(137  -  1471)	1
(137  -  1548)	1
(137  -  1746)	1
(137  -  1772)	1
(137  -  1837)	1
(137  -  2339)	1
(137  -  2374)	1
(137  -  2815)	1
(137  -  2892)	1
(137  -  2930)	1
(137  -  3435)	1
(137  -  3543)	1
(137  -  3661)	1
(137  -  3752)	1
(137  -  3825)	1
(137  -  4027)	1
(137  -  4067)	1
(137  -  4396)	1
(137  -  4507)	1
(137  -  4581)	1
(138  -  374)	1
(138  -  528)	1
(138  -  754)	1
(138  -  910)	1
(138  -  1214)	1
(138  -  1266)	1
(138  -  1337)	1
(138  -  1594)	1
(138  -  1657)	1
(138  -  1757)	1
(138  -  1774)	1
(138  -  1786)	1
(138  -  1797)	1
(138  -  1840)	1
(138  -  1941)	1
(138  -  2054)	1
(138  -  2435)	1
(138  -  2446)	1
(138  -  2755)	1
(138  -  2843)	1
(138  -  2851)	1
(138  -  2852)	1
(138  -  3140)	1
(138  -  3298)	1
(138  -  3334)	1
(138  -  3530)	1
(138  -  3552)	1
(138  -  3653)	1
(138  -  3935)	1
(138  -  4049)	1
(138  -  4178)	1
(138  -  4433)	1
(138  -  4755)	1
(138  -  4997)	1
(148  -  62)	1
(62  -  408)	1
(62  -  637)	1
(62  -  914)	1
(62  -  998)	1
(62  -  1012)	1
(62  -  1348)	1
(62  -  1384)	1
(62  -  1501)	1
(62  -  2007)	1
(62  -  2301)	1
(62  -  2396)	1
(62  -  2702)	1
(62  -  2759)	1
(62  -  2784)	1
(62  -  2800)	1
(62  -  2807)	1
(62  -  2826)	1
(62  -  2932)	1
(62  -  3467)	1
(62  -  3772)	1
(62  -  3809)	1
(62  -  3824)	1
(62  -  4091)	1
(62  -  4388)	1
(62  -  4471)	1
(62  -  4898)	1
(62  -  4973)	1
(148  -  176)	1
(148  -  225)	1
(148  -  541)	1
(148  -  589)	1
(148  -  606)	1
(148  -  847)	1
(148  -  982)	1
(148  -  1180)	1
(148  -  1576)	1
(148  -  1612)	1
(148  -  1758)	1
(148  -  2006)	1
(148  -  2132)	1
(148  -  2293)	1
(148  -  2486)	1
(148  -  2684)	1
(148  -  2718)	1
(148  -  2890)	1
(148  -  3184)	1
(148  -  3325)	1
(148  -  3410)	1
(148  -  3416)	1
(148  -  3456)	1
(148  -  3575)	1
(148  -  3766)	1
(148  -  3853)	1
(148  -  4037)	1
(148  -  4113)	1
(148  -  4191)	1
(148  -  4789)	1
(149  -  234)	1
(149  -  257)	1
(149  -  456)	1
(149  -  487)	1
(149  -  762)	1
(149  -  802)	1
(149  -  901)	1
(149  -  1382)	1
(149  -  1449)	1
(149  -  2123)	1
(149  -  2219)	1
(149  -  2444)	1
(149  -  2559)	1
(149  -  2592)	1
(149  -  2975)	1
(149  -  3014)	1
(149  -  3105)	1
(149  -  3220)	1
(149  -  3269)	1
(149  -  3356)	1
(149  -  3502)	1
(149  -  3524)	1
(149  -  3697)	1
(149  -  3887)	1
(149  -  4066)	1
(149  -  4083)	1
(149  -  4174)	1
(149  -  4241)	1
(149  -  4672)	1
(149  -  4722)	1
(155  -  106)	1
(106  -  68)	1
(68  -  376)	1
(68  -  386)	1
(68  -  429)	1
(68  -  495)	1
(68  -  638)	1
(68  -  679)	1
(68  -  743)	1
(68  -  892)	1
(68  -  955)	1
(68  -  1091)	1
(68  -  1148)	1
(68  -  1451)	1
(68  -  1488)	1
(68  -  1771)	1
(68  -  1824)	1
(68  -  1964)	1
(68  -  2029)	1
(68  -  2042)	1
(68  -  2192)	1
(68  -  2194)	1
(68  -  2338)	1
(68  -  2618)	1
(68  -  2748)	1
(68  -  2797)	1
(68  -  2935)	1
(68  -  3083)	1
(68  -  3169)	1
(68  -  3276)	1
(68  -  3303)	1
(68  -  3308)	1
(68  -  3715)	1
(68  -  4009)	1
(68  -  4072)	1
(68  -  4115)	1
(68  -  4157)	1
(68  -  4234)	1
(68  -  4556)	1
(68  -  4850)	1
(68  -  4925)	1
(68  -  4934)	1
(68  -  4977)	1
(106  -  482)	1
(106  -  517)	1
(106  -  579)	1
(106  -  603)	1
(106  -  683)	1
(106  -  890)	1
(106  -  920)	1
(106  -  1149)	1
(106  -  1346)	1
(106  -  1455)	1
(106  -  1479)	1
(106  -  1571)	1
(106  -  1935)	1
(106  -  2082)	1
(106  -  2110)	1
(106  -  2162)	1
(106  -  2172)	1
(106  -  2182)	1
(106  -  2216)	1
(106  -  2246)	1
(106  -  2543)	1
(106  -  2656)	1
(106  -  2838)	1
(106  -  2865)	1
(106  -  2883)	1
(106  -  2891)	1
(106  -  2897)	1
(106  -  3075)	1
(106  -  3394)	1
(106  -  3481)	1
(106  -  3623)	1
(106  -  3655)	1
(106  -  3723)	1
(106  -  3806)	1
(106  -  4298)	1
(106  -  4314)	1
(106  -  4329)	1
(106  -  4339)	1
(106  -  4367)	1
(106  -  4677)	1
(106  -  4771)	1
(155  -  161)	1
(155  -  473)	1
(155  -  481)	1
(155  -  1239)	1
(155  -  1322)	1
(155  -  1658)	1
(155  -  1702)	1
(155  -  1953)	1
(155  -  2037)	1
(155  -  2160)	1
(155  -  2250)	1
(155  -  2285)	1
(155  -  2346)	1
(155  -  2355)	1
(155  -  2524)	1
(155  -  2534)	1
(155  -  2774)	1
(155  -  2782)	1
(155  -  2889)	1
(155  -  2914)	1
(155  -  2991)	1
(155  -  3197)	1
(155  -  3253)	1
(155  -  3408)	1
(155  -  3493)	1
(155  -  3765)	1
(155  -  3828)	1
(155  -  4249)	1
(155  -  4280)	1
(155  -  4421)	1
(155  -  4614)	1
(155  -  4739)	1
(156  -  45)	1
(45  -  18)	1
(18  -  303)	1
(18  -  410)	1
(18  -  431)	1
(18  -  447)	1
(18  -  530)	1
(18  -  687)	1
(18  -  857)	1
(18  -  978)	1
(18  -  1096)	1
(18  -  1188)	1
(18  -  1194)	1
(18  -  1412)	1
(18  -  1423)	1
(18  -  1977)	1
(18  -  2022)	1
(18  -  2071)	1
(18  -  2127)	1
(18  -  2255)	1
(18  -  2306)	1
(18  -  2326)	1
(18  -  2550)	1
(18  -  2908)	1
(18  -  3027)	1
(18  -  3419)	1
(18  -  3582)	1
(18  -  3999)	1
(18  -  4182)	1
(18  -  4214)	1
(18  -  4235)	1
(18  -  4559)	1
(18  -  4675)	1
(18  -  4698)	1
(18  -  4702)	1
(18  -  4779)	1
(18  -  4915)	1
(45  -  297)	1
(45  -  664)	1
(45  -  693)	1
(45  -  993)	1
(45  -  1368)	1
(45  -  1462)	1
(45  -  1463)	1
(45  -  1527)	1
(45  -  1912)	1
(45  -  2103)	1
(45  -  2113)	1
(45  -  2296)	1
(45  -  2424)	1
(45  -  2842)	1
(45  -  2915)	1
(45  -  2974)	1
(45  -  3444)	1
(45  -  3571)	1
(45  -  3597)	1
(45  -  3659)	1
(45  -  3743)	1
(45  -  3875)	1
(45  -  3920)	1
(45  -  4110)	1
(45  -  4402)	1
(45  -  4404)	1
(45  -  4499)	1
(45  -  4590)	1
(156  -  379)	1
(156  -  669)	1
(156  -  757)	1
(156  -  763)	1
(156  -  940)	1
(156  -  1005)	1
(156  -  1253)	1
(156  -  1361)	1
(156  -  1504)	1
(156  -  1583)	1
(156  -  1603)	1
(156  -  1611)	1
(156  -  1722)	1
(156  -  1727)	1
(156  -  1764)	1
(156  -  1770)	1
(156  -  1901)	1
(156  -  2151)	1
(156  -  2179)	1
(156  -  2392)	1
(156  -  2725)	1
(156  -  3095)	1
(156  -  3170)	1
(156  -  3397)	1
(156  -  3405)	1
(156  -  3554)	1
(156  -  3662)	1
(156  -  3684)	1
(156  -  3701)	1
(156  -  3982)	1
(156  -  4117)	1
(156  -  4428)	1
(156  -  4700)	1
(156  -  4774)	1
(156  -  4892)	1
(156  -  4968)	1
(156  -  4974)	1
(156  -  4990)	1
(157  -  10)	1
(10  -  47)	1
(10  -  248)	1
(10  -  378)	1
(10  -  819)	1
(10  -  1036)	1
(10  -  1219)	1
(10  -  1221)	1
(10  -  1335)	1
(10  -  1496)	1
(10  -  1633)	1
(10  -  1893)	1
(10  -  2321)	1
(10  -  2332)	1
(10  -  2546)	1
(10  -  2603)	1
(10  -  2614)	1
(10  -  2655)	1
(10  -  2776)	1
(10  -  2977)	1
(10  -  3248)	1
(10  -  3425)	1
(10  -  3468)	1
(10  -  3732)	1
(10  -  3850)	1
(10  -  3983)	1
(10  -  4493)	1
(10  -  4515)	1
(10  -  4520)	1
(10  -  4563)	1
(10  -  4942)	1
(10  -  4983)	1
(47  -  259)	1
(47  -  432)	1
(47  -  465)	1
(47  -  629)	1
(47  -  1079)	1
(47  -  1351)	1
(47  -  1385)	1
(47  -  1406)	1
(47  -  1454)	1
(47  -  1808)	1
(47  -  2096)	1
(47  -  2258)	1
(47  -  2302)	1
(47  -  2611)	1
(47  -  3004)	1
(47  -  3185)	1
(47  -  3264)	1
(47  -  3371)	1
(47  -  3376)	1
(47  -  3916)	1
(47  -  3966)	1
(47  -  4017)	1
(47  -  4208)	1
(47  -  4223)	1
(47  -  4444)	1
(47  -  4465)	1
(47  -  4495)	1
(47  -  4715)	1
(157  -  436)	1
(157  -  494)	1
(157  -  604)	1
(157  -  877)	1
(157  -  909)	1
(157  -  952)	1
(157  -  1375)	1
(157  -  1442)	1
(157  -  1740)	1
(157  -  1818)	1
(157  -  1826)	1
(157  -  1920)	1
(157  -  2090)	1
(157  -  2120)	1
(157  -  2211)	1
(157  -  2268)	1
(157  -  2854)	1
(157  -  2997)	1
(157  -  3009)	1
(157  -  3113)	1
(157  -  3116)	1
(157  -  3229)	1
(157  -  3285)	1
(157  -  3395)	1
(157  -  3495)	1
(157  -  3540)	1
(157  -  3781)	1
(157  -  3821)	1
(157  -  3842)	1
(157  -  3884)	1
(157  -  4062)	1
(157  -  4173)	1
(157  -  4194)	1
(157  -  4492)	1
(157  -  4516)	1
(157  -  4624)	1
(157  -  4667)	1
(157  -  4858)	1
(157  -  4872)	1
(157  -  4887)	1
(158  -  94)	1
(94  -  103)	1
(94  -  136)	1
(94  -  140)	1
(94  -  237)	1
(94  -  486)	1
(94  -  508)	1
(94  -  1086)	1
(94  -  1183)	1
(94  -  1302)	1
(94  -  1485)	1
(94  -  1573)	1
(94  -  1876)	1
(94  -  2009)	1
(94  -  2180)	1
(94  -  2208)	1
(94  -  2323)	1
(94  -  2578)	1
(94  -  2701)	1
(94  -  2707)	1
(94  -  2801)	1
(94  -  2899)	1
(94  -  3117)	1
(94  -  3331)	1
(94  -  3537)	1
(94  -  3747)	1
(94  -  3855)	1
(94  -  4309)	1
(94  -  4623)	1
(94  -  4664)	1
(94  -  4665)	1
(94  -  4712)	1
(94  -  4867)	1
(103  -  251)	1
(103  -  839)	1
(103  -  854)	1
(103  -  882)	1
(103  -  1114)	1
(103  -  1167)	1
(103  -  1323)	1
(103  -  1467)	1
(103  -  1568)	1
(103  -  1877)	1
(103  -  1918)	1
(103  -  1948)	1
(103  -  2043)	1
(103  -  2125)	1
(103  -  2143)	1
(103  -  2493)	1
(103  -  2496)	1
(103  -  2514)	1
(103  -  2604)	1
(103  -  2715)	1
(103  -  2751)	1
(103  -  2769)	1
(103  -  2821)	1
(103  -  3003)	1
(103  -  3172)	1
(103  -  3178)	1
(103  -  3230)	1
(103  -  3509)	1
(103  -  3713)	1
(103  -  3822)	1
(103  -  4056)	1
(103  -  4107)	1
(103  -  4239)	1
(103  -  4312)	1
(103  -  4360)	1
(103  -  4615)	1
(103  -  4793)	1
(103  -  4817)	1
(103  -  4911)	1
(136  -  71)	1
(71  -  141)	1
(71  -  324)	1
(71  -  327)	1
(71  -  605)	1
(71  -  619)	1
(71  -  834)	1
(71  -  1073)	1
(71  -  1142)	1
(71  -  1146)	1
(71  -  1151)	1
(71  -  1363)	1
(71  -  1413)	1
(71  -  1523)	1
(71  -  1670)	1
(71  -  1831)	1
(71  -  2221)	1
(71  -  2391)	1
(71  -  2458)	1
(71  -  2609)	1
(71  -  2939)	1
(71  -  3149)	1
(71  -  3186)	1
(71  -  3689)	1
(71  -  3896)	1
(71  -  3969)	1
(71  -  4041)	1
(71  -  4071)	1
(71  -  4102)	1
(71  -  4270)	1
(71  -  4472)	1
(71  -  4580)	1
(136  -  143)	1
(136  -  337)	1
(136  -  810)	1
(136  -  818)	1
(136  -  894)	1
(136  -  1140)	1
(136  -  1143)	1
(136  -  1327)	1
(136  -  1478)	1
(136  -  1556)	1
(136  -  1677)	1
(136  -  1709)	1
(136  -  1820)	1
(136  -  1867)	1
(136  -  1956)	1
(136  -  2557)	1
(136  -  2672)	1
(136  -  2771)	1
(136  -  3037)	1
(136  -  3282)	1
(136  -  3403)	1
(136  -  3572)	1
(136  -  3720)	1
(136  -  4209)	1
(136  -  4275)	1
(136  -  4365)	1
(136  -  4608)	1
(136  -  4695)	1
(136  -  4838)	1
(136  -  4926)	1
(140  -  186)	1
(140  -  196)	1
(140  -  201)	1
(140  -  377)	1
(140  -  471)	1
(140  -  1392)	1
(140  -  1598)	1
(140  -  1644)	1
(140  -  1660)	1
(140  -  1847)	1
(140  -  1919)	1
(140  -  1947)	1
(140  -  1996)	1
(140  -  2052)	1
(140  -  2112)	1
(140  -  2353)	1
(140  -  2500)	1
(140  -  2750)	1
(140  -  2855)	1
(140  -  2951)	1
(140  -  3161)	1
(140  -  3183)	1
(140  -  3260)	1
(140  -  3286)	1
(140  -  3775)	1
(140  -  3913)	1
(140  -  4210)	1
(140  -  4248)	1
(140  -  4616)	1
(141  -  63)	1
(63  -  81)	1
(63  -  133)	1
(63  -  169)	1
(63  -  200)	1
(63  -  235)	1
(63  -  859)	1
(63  -  1196)	1
(63  -  1235)	1
(63  -  1240)	1
(63  -  1538)	1
(63  -  1737)	1
(63  -  1798)	1
(63  -  1872)	1
(63  -  2106)	1
(63  -  2109)	1
(63  -  2188)	1
(63  -  2340)	1
(63  -  2613)	1
(63  -  2720)	1
(63  -  2834)	1
(63  -  2926)	1
(63  -  3384)	1
(63  -  3421)	1
(63  -  3630)	1
(63  -  3687)	1
(63  -  4368)	1
(63  -  4810)	1
(63  -  4908)	1
(63  -  4946)	1
(81  -  132)	1
(81  -  174)	1
(81  -  219)	1
(81  -  224)	1
(81  -  294)	1
(81  -  555)	1
(81  -  748)	1
(81  -  1107)	1
(81  -  1659)	1
(81  -  2099)	1
(81  -  2588)	1
(81  -  2662)	1
(81  -  2754)	1
(81  -  3270)	1
(81  -  3340)	1
(81  -  3878)	1
(81  -  3990)	1
(81  -  4070)	1
(81  -  4123)	1
(81  -  4161)	1
(81  -  4307)	1
(81  -  4330)	1
(81  -  4537)	1
(81  -  4740)	1
(81  -  4998)	1
(132  -  191)	1
(132  -  459)	1
(132  -  568)	1
(132  -  598)	1
(132  -  698)	1
(132  -  718)	1
(132  -  1002)	1
(132  -  1372)	1
(132  -  1785)	1
(132  -  1865)	1
(132  -  2520)	1
(132  -  2525)	1
(132  -  2729)	1
(132  -  2733)	1
(132  -  2917)	1
(132  -  2955)	1
(132  -  3351)	1
(132  -  3353)	1
(132  -  3544)	1
(132  -  3685)	1
(132  -  3780)	1
(132  -  4682)	1
(132  -  4747)	1
(132  -  4772)	1
(133  -  12)	1
(12  -  189)	1
(12  -  192)	1
(12  -  268)	1
(12  -  309)	1
(12  -  321)	1
(12  -  370)	1
(12  -  372)	1
(12  -  544)	1
(12  -  591)	1
(12  -  1712)	1
(12  -  1752)	1
(12  -  2271)	1
(12  -  2335)	1
(12  -  2695)	1
(12  -  2714)	1
(12  -  2727)	1
(12  -  2956)	1
(12  -  3304)	1
(12  -  3682)	1
(12  -  3683)	1
(12  -  3885)	1
(12  -  4031)	1
(12  -  4045)	1
(12  -  4297)	1
(12  -  4319)	1
(12  -  4383)	1
(12  -  4568)	1
(12  -  4579)	1
(12  -  4622)	1
(133  -  449)	1
(133  -  706)	1
(133  -  965)	1
(133  -  990)	1
(133  -  1007)	1
(133  -  1364)	1
(133  -  1528)	1
(133  -  1539)	1
(133  -  1749)	1
(133  -  2420)	1
(133  -  2600)	1
(133  -  2667)	1
(133  -  2817)	1
(133  -  3143)	1
(133  -  3323)	1
(133  -  3517)	1
(133  -  3523)	1
(133  -  3527)	1
(133  -  3629)	1
(133  -  3707)	1
(133  -  3756)	1
(133  -  3784)	1
(133  -  3950)	1
(133  -  3985)	1
(133  -  4413)	1
(133  -  4480)	1
(133  -  4629)	1
(133  -  4788)	1
(133  -  4931)	1
(141  -  159)	1
(141  -  351)	1
(141  -  422)	1
(141  -  450)	1
(141  -  961)	1
(141  -  1247)	1
(141  -  1852)	1
(141  -  2073)	1
(141  -  2074)	1
(141  -  2300)	1
(141  -  2399)	1
(141  -  3125)	1
(141  -  3162)	1
(141  -  3231)	1
(141  -  3944)	1
(141  -  4042)	1
(141  -  4105)	1
(141  -  4320)	1
(141  -  4352)	1
(141  -  4450)	1
(141  -  4632)	1
(141  -  4976)	1
(143  -  80)	1
(80  -  198)	1
(80  -  212)	1
(80  -  230)	1
(80  -  357)	1
(80  -  561)	1
(80  -  646)	1
(80  -  713)	1
(80  -  870)	1
(80  -  884)	1
(80  -  1226)	1
(80  -  1307)	1
(80  -  1507)	1
(80  -  1614)	1
(80  -  1822)	1
(80  -  2140)	1
(80  -  2947)	1
(80  -  3198)	1
(80  -  3245)	1
(80  -  3548)	1
(80  -  3721)	1
(80  -  4036)	1
(80  -  4325)	1
(80  -  4842)	1
(143  -  383)	1
(143  -  941)	1
(143  -  1393)	1
(143  -  1419)	1
(143  -  1681)	1
(143  -  1759)	1
(143  -  1971)	1
(143  -  2076)	1
(143  -  2147)	1
(143  -  2220)	1
(143  -  2345)	1
(143  -  2527)	1
(143  -  2545)	1
(143  -  3171)	1
(143  -  3521)	1
(143  -  3818)	1
(143  -  4014)	1
(143  -  4146)	1
(143  -  4570)	1
(143  -  4601)	1
(143  -  4668)	1
(143  -  4745)	1
(143  -  4871)	1
(143  -  4967)	1
(158  -  102)	1
(102  -  514)	1
(102  -  542)	1
(102  -  666)	1
(102  -  1027)	1
(102  -  1028)	1
(102  -  1306)	1
(102  -  1357)	1
(102  -  1359)	1
(102  -  1394)	1
(102  -  1561)	1
(102  -  1595)	1
(102  -  2077)	1
(102  -  2101)	1
(102  -  2262)	1
(102  -  2413)	1
(102  -  2465)	1
(102  -  2526)	1
(102  -  2831)	1
(102  -  3471)	1
(102  -  3541)	1
(102  -  3555)	1
(102  -  3652)	1
(102  -  3769)	1
(102  -  4229)	1
(102  -  4398)	1
(102  -  4514)	1
(102  -  4539)	1
(158  -  280)	1
(158  -  452)	1
(158  -  670)	1
(158  -  1285)	1
(158  -  1864)	1
(158  -  2202)	1
(158  -  2428)	1
(158  -  2469)	1
(158  -  2723)	1
(158  -  2872)	1
(158  -  3052)	1
(158  -  3086)	1
(158  -  3399)	1
(158  -  3512)	1
(158  -  3570)	1
(158  -  3585)	1
(158  -  3593)	1
(158  -  3865)	1
(158  -  3937)	1
(158  -  4073)	1
(158  -  4090)	1
(158  -  4291)	1
(158  -  4409)	1
(158  -  4538)	1
(159  -  21)	1
(21  -  13)	1
(13  -  113)	1
(13  -  232)	1
(13  -  238)	1
(13  -  242)	1
(13  -  512)	1
(13  -  988)	1
(13  -  1118)	1
(13  -  1691)	1
(13  -  2018)	1
(13  -  2066)	1
(13  -  2095)	1
(13  -  2176)	1
(13  -  2329)	1
(13  -  2571)	1
(13  -  2949)	1
(13  -  3002)	1
(13  -  3127)	1
(13  -  3297)	1
(13  -  3624)	1
(13  -  3640)	1
(13  -  3654)	1
(13  -  3718)	1
(13  -  3917)	1
(13  -  4082)	1
(13  -  4095)	1
(13  -  4196)	1
(13  -  4467)	1
(13  -  4754)	1
(13  -  4800)	1
(13  -  4847)	1
(21  -  273)	1
(21  -  332)	1
(21  -  373)	1
(21  -  398)	1
(21  -  519)	1
(21  -  828)	1
(21  -  838)	1
(21  -  1090)	1
(21  -  1362)	1
(21  -  1509)	1
(21  -  1591)	1
(21  -  1821)	1
(21  -  1825)	1
(21  -  1868)	1
(21  -  1942)	1
(21  -  2283)	1
(21  -  2661)	1
(21  -  2675)	1
(21  -  3477)	1
(21  -  3615)	1
(21  -  3709)	1
(21  -  3740)	1
(21  -  3827)	1
(21  -  4063)	1
(21  -  4192)	1
(21  -  4227)	1
(21  -  4403)	1
(21  -  4663)	1
(113  -  111)	1
(111  -  215)	1
(111  -  439)	1
(111  -  509)	1
(111  -  889)	1
(111  -  1458)	1
(111  -  1590)	1
(111  -  1601)	1
(111  -  1674)	1
(111  -  1717)	1
(111  -  1735)	1
(111  -  1843)	1
(111  -  2606)	1
(111  -  2630)	1
(111  -  2798)	1
(111  -  3001)	1
(111  -  3491)	1
(111  -  3508)	1
(111  -  4032)	1
(111  -  4228)	1
(111  -  4324)	1
(111  -  4799)	1
(113  -  231)	1
(113  -  438)	1
(113  -  881)	1
(113  -  1026)	1
(113  -  1177)	1
(113  -  1192)	1
(113  -  1258)	1
(113  -  1326)	1
(113  -  1647)	1
(113  -  1812)	1
(113  -  1819)	1
(113  -  1899)	1
(113  -  2027)	1
(113  -  2080)	1
(113  -  2102)	1
(113  -  2150)	1
(113  -  2334)	1
(113  -  2464)	1
(113  -  2709)	1
(113  -  2806)	1
(113  -  2902)	1
(113  -  3000)	1
(113  -  3180)	1
(113  -  3360)	1
(113  -  4145)	1
(113  -  4176)	1
(113  -  4401)	1
(113  -  4518)	1
(113  -  4577)	1
(113  -  4687)	1
(113  -  4752)	1
(159  -  298)	1
(159  -  340)	1
(159  -  466)	1
(159  -  545)	1
(159  -  996)	1
(159  -  1049)	1
(159  -  1220)	1
(159  -  1708)	1
(159  -  1795)	1
(159  -  2205)	1
(159  -  2556)	1
(159  -  2623)	1
(159  -  2645)	1
(159  -  2658)	1
(159  -  2690)	1
(159  -  2853)	1
(159  -  3175)	1
(159  -  3453)	1
(159  -  3589)	1
(159  -  3651)	1
(159  -  3679)	1
(159  -  4432)	1
(159  -  4971)	1
(161  -  117)	1
(117  -  11)	1
(11  -  4)	1
(4  -  640)	1
(4  -  700)	1
(4  -  1223)	1
(4  -  1356)	1
(4  -  1387)	1
(4  -  1596)	1
(4  -  1937)	1
(4  -  1966)	1
(4  -  2184)	1
(4  -  2871)	1
(4  -  3076)	1
(4  -  3148)	1
(4  -  3667)	1
(4  -  3851)	1
(4  -  3919)	1
(4  -  4023)	1
(4  -  4660)	1
(11  -  43)	1
(11  -  85)	1
(11  -  150)	1
(11  -  621)	1
(11  -  692)	1
(11  -  794)	1
(11  -  1103)	1
(11  -  1233)	1
(11  -  1519)	1
(11  -  1645)	1
(11  -  2005)	1
(11  -  2088)	1
(11  -  2231)	1
(11  -  2381)	1
(11  -  2589)	1
(11  -  2764)	1
(11  -  2768)	1
(11  -  2781)	1
(11  -  2802)	1
(11  -  2822)	1
(11  -  2840)	1
(11  -  3223)	1
(11  -  4346)	1
(11  -  4896)	1
(43  -  120)	1
(43  -  126)	1
(43  -  526)	1
(43  -  1042)	1
(43  -  1333)	1
(43  -  1399)	1
(43  -  1480)	1
(43  -  1787)	1
(43  -  2535)	1
(43  -  2805)	1
(43  -  2862)	1
(43  -  2994)	1
(43  -  3112)	1
(43  -  3238)	1
(43  -  3448)	1
(43  -  3658)	1
(43  -  4354)	1
(43  -  4565)	1
(43  -  4621)	1
(43  -  4630)	1
(43  -  4749)	1
(43  -  4903)	1
(85  -  8)	1
(8  -  41)	1
(8  -  649)	1
(8  -  780)	1
(8  -  781)	1
(8  -  943)	1
(8  -  1370)	1
(8  -  1390)	1
(8  -  1470)	1
(8  -  1599)	1
(8  -  1804)	1
(8  -  2100)	1
(8  -  2331)	1
(8  -  2491)	1
(8  -  2497)	1
(8  -  3016)	1
(8  -  3678)	1
(8  -  4410)	1
(8  -  4746)	1
(8  -  4907)	1
(8  -  4947)	1
(41  -  19)	1
(19  -  442)	1
(19  -  502)	1
(19  -  1095)	1
(19  -  1166)	1
(19  -  1588)	1
(19  -  1641)	1
(19  -  1827)	1
(19  -  1929)	1
(19  -  2563)	1
(19  -  2940)	1
(19  -  3066)	1
(19  -  3857)	1
(19  -  3967)	1
(19  -  4078)	1
(19  -  4167)	1
(19  -  4278)	1
(19  -  4470)	1
(19  -  4751)	1
(19  -  4884)	1
(19  -  4991)	1
(41  -  346)	1
(41  -  446)	1
(41  -  737)	1
(41  -  1052)	1
(41  -  1130)	1
(41  -  1315)	1
(41  -  1325)	1
(41  -  1613)	1
(41  -  1617)	1
(41  -  1655)	1
(41  -  1883)	1
(41  -  2240)	1
(41  -  2596)	1
(41  -  2996)	1
(41  -  3005)	1
(41  -  3063)	1
(41  -  3074)	1
(41  -  3379)	1
(41  -  3706)	1
(41  -  3714)	1
(41  -  3889)	1
(41  -  4003)	1
(41  -  4276)	1
(41  -  4709)	1
(85  -  44)	1
(44  -  70)	1
(44  -  180)	1
(44  -  1067)	1
(44  -  1157)	1
(44  -  1336)	1
(44  -  1465)	1
(44  -  1625)	1
(44  -  1970)	1
(44  -  1994)	1
(44  -  2067)	1
(44  -  2362)	1
(44  -  2406)	1
(44  -  2576)	1
(44  -  2648)	1
(44  -  2868)	1
(44  -  2943)	1
(44  -  3341)	1
(44  -  3587)	1
(44  -  3618)	1
(44  -  3620)	1
(44  -  4151)	1
(44  -  4213)	1
(44  -  4437)	1
(44  -  4458)	1
(44  -  4597)	1
(70  -  125)	1
(70  -  188)	1
(70  -  216)	1
(70  -  364)	1
(70  -  587)	1
(70  -  922)	1
(70  -  938)	1
(70  -  1294)	1
(70  -  1748)	1
(70  -  1880)	1
(70  -  2367)	1
(70  -  2432)	1
(70  -  2558)	1
(70  -  2933)	1
(70  -  3094)	1
(70  -  3168)	1
(70  -  3273)	1
(70  -  3385)	1
(70  -  3638)	1
(70  -  3665)	1
(70  -  3778)	1
(70  -  4005)	1
(70  -  4188)	1
(70  -  4347)	1
(70  -  4393)	1
(70  -  4546)	1
(70  -  4575)	1
(70  -  4650)	1
(70  -  4655)	1
(70  -  4832)	1
(70  -  4994)	1
(85  -  146)	1
(85  -  250)	1
(85  -  375)	1
(85  -  1054)	1
(85  -  1060)	1
(85  -  1259)	1
(85  -  1369)	1
(85  -  1665)	1
(85  -  1922)	1
(85  -  2078)	1
(85  -  2230)	1
(85  -  2247)	1
(85  -  2252)	1
(85  -  2288)	1
(85  -  2360)	1
(85  -  2982)	1
(85  -  3196)	1
(85  -  3254)	1
(85  -  3503)	1
(85  -  3634)	1
(85  -  3973)	1
(85  -  4521)	1
(85  -  4679)	1
(85  -  4730)	1
(117  -  116)	1
(116  -  121)	1
(116  -  182)	1
(116  -  469)	1
(116  -  533)	1
(116  -  593)	1
(116  -  831)	1
(116  -  927)	1
(116  -  1516)	1
(116  -  1776)	1
(116  -  1952)	1
(116  -  2232)	1
(116  -  2291)	1
(116  -  2451)	1
(116  -  2553)	1
(116  -  2820)	1
(116  -  2879)	1
(116  -  3383)	1
(116  -  3676)	1
(116  -  3745)	1
(116  -  3812)	1
(116  -  3931)	1
(116  -  4142)	1
(116  -  4226)	1
(116  -  4737)	1
(116  -  4849)	1
(117  -  534)	1
(117  -  863)	1
(117  -  1069)	1
(117  -  1087)	1
(117  -  1497)	1
(117  -  1879)	1
(117  -  1932)	1
(117  -  1983)	1
(117  -  2433)	1
(117  -  2624)	1
(117  -  2909)	1
(117  -  2954)	1
(117  -  2968)	1
(117  -  3391)	1
(117  -  3782)	1
(117  -  3817)	1
(117  -  3914)	1
(117  -  4006)	1
(117  -  4046)	1
(117  -  4065)	1
(117  -  4206)	1
(117  -  4533)	1
(117  -  4713)	1
(117  -  4943)	1
(120  -  284)	1
(120  -  289)	1
(120  -  506)	1
(120  -  539)	1
(120  -  761)	1
(120  -  1161)	1
(120  -  1207)	1
(120  -  1341)	1
(120  -  1542)	1
(120  -  1551)	1
(120  -  2295)	1
(120  -  2582)	1
(120  -  2639)	1
(120  -  2736)	1
(120  -  2931)	1
(120  -  3406)	1
(120  -  3569)	1
(120  -  3918)	1
(120  -  4015)	1
(120  -  4172)	1
(120  -  4975)	1
(121  -  227)	1
(121  -  477)	1
(121  -  708)	1
(121  -  1298)	1
(121  -  1301)	1
(121  -  1487)	1
(121  -  2085)	1
(121  -  2382)	1
(121  -  2498)	1
(121  -  2787)	1
(121  -  3246)	1
(121  -  3365)	1
(121  -  4177)	1
(121  -  4356)	1
(121  -  4418)	1
(121  -  4662)	1
(121  -  4685)	1
(125  -  315)	1
(125  -  516)	1
(125  -  623)	1
(125  -  864)	1
(125  -  893)	1
(125  -  917)	1
(125  -  1093)	1
(125  -  1217)	1
(125  -  1271)	1
(125  -  1524)	1
(125  -  2206)	1
(125  -  2290)	1
(125  -  2387)	1
(125  -  2634)	1
(125  -  2644)	1
(125  -  2738)	1
(125  -  2976)	1
(125  -  3280)	1
(125  -  3413)	1
(125  -  3739)	1
(125  -  3749)	1
(125  -  3837)	1
(125  -  4100)	1
(125  -  4156)	1
(125  -  4337)	1
(125  -  4504)	1
(125  -  4585)	1
(125  -  4704)	1
(126  -  307)	1
(126  -  381)	1
(126  -  434)	1
(126  -  592)	1
(126  -  596)	1
(126  -  811)	1
(126  -  1278)	1
(126  -  1420)	1
(126  -  1486)	1
(126  -  2135)	1
(126  -  3017)	1
(126  -  3226)	1
(126  -  3490)	1
(126  -  4101)	1
(126  -  4540)	1
(146  -  181)	1
(146  -  253)	1
(146  -  862)	1
(146  -  933)	1
(146  -  1205)	1
(146  -  1277)	1
(146  -  1491)	1
(146  -  1517)	1
(146  -  1685)	1
(146  -  1783)	1
(146  -  1851)	1
(146  -  1905)	1
(146  -  2028)	1
(146  -  2195)	1
(146  -  2410)	1
(146  -  2430)	1
(146  -  2456)	1
(146  -  2583)	1
(146  -  2867)	1
(146  -  2967)	1
(146  -  3097)	1
(146  -  3478)	1
(146  -  3816)	1
(146  -  3881)	1
(146  -  4954)	1
(150  -  281)	1
(150  -  330)	1
(150  -  409)	1
(150  -  980)	1
(150  -  1724)	1
(150  -  1835)	1
(150  -  2239)	1
(150  -  2276)	1
(150  -  2297)	1
(150  -  2351)	1
(150  -  2438)	1
(150  -  2462)	1
(150  -  2617)	1
(150  -  2856)	1
(150  -  3077)	1
(150  -  3337)	1
(150  -  3398)	1
(150  -  3442)	1
(150  -  4086)	1
(150  -  4219)	1
(150  -  4264)	1
(150  -  4736)	1
(150  -  4821)	1
(161  -  214)	1
(161  -  507)	1
(161  -  651)	1
(161  -  1085)	1
(161  -  1150)	1
(161  -  1245)	1
(161  -  1494)	1
(161  -  2107)	1
(161  -  2212)	1
(161  -  2422)	1
(161  -  2490)	1
(161  -  2516)	1
(161  -  2635)	1
(161  -  3135)	1
(161  -  3347)	1
(161  -  3424)	1
(161  -  3820)	1
(161  -  4190)	1
(161  -  4303)	1
(161  -  4453)	1
(161  -  4952)	1
(165  -  190)	1
(165  -  310)	1
(165  -  405)	1
(165  -  461)	1
(165  -  585)	1
(165  -  633)	1
(165  -  963)	1
(165  -  1059)	1
(165  -  1257)	1
(165  -  1316)	1
(165  -  1536)	1
(165  -  1546)	1
(165  -  1805)	1
(165  -  1836)	1
(165  -  1968)	1
(165  -  2850)	1
(165  -  2870)	1
(165  -  3098)	1
(165  -  3166)	1
(165  -  3646)	1
(165  -  3789)	1
(165  -  3939)	1
(165  -  4888)	1
(169  -  144)	1
(144  -  1)	1
(1  -  65)	1
(1  -  276)	1
(1  -  531)	1
(1  -  673)	1
(1  -  858)	1
(1  -  1092)	1
(1  -  1152)	1
(1  -  1293)	1
(1  -  2191)	1
(1  -  2460)	1
(1  -  2641)	1
(1  -  2811)	1
(1  -  3923)	1
(1  -  4010)	1
(1  -  4211)	1
(1  -  4231)	1
(1  -  4261)	1
(1  -  4359)	1
(1  -  4688)	1
(1  -  4782)	1
(65  -  76)	1
(65  -  207)	1
(65  -  504)	1
(65  -  715)	1
(65  -  799)	1
(65  -  1823)	1
(65  -  2053)	1
(65  -  2141)	1
(65  -  2384)	1
(65  -  2961)	1
(65  -  3235)	1
(65  -  3302)	1
(65  -  3872)	1
(65  -  3890)	1
(65  -  4170)	1
(65  -  4277)	1
(65  -  4555)	1
(65  -  4748)	1
(76  -  82)	1
(76  -  311)	1
(76  -  348)	1
(76  -  427)	1
(76  -  786)	1
(76  -  976)	1
(76  -  1232)	1
(76  -  1693)	1
(76  -  1915)	1
(76  -  2117)	1
(76  -  2506)	1
(76  -  2575)	1
(76  -  3144)	1
(76  -  3669)	1
(76  -  4029)	1
(82  -  322)	1
(82  -  553)	1
(82  -  1134)	1
(82  -  1632)	1
(82  -  1991)	1
(82  -  2130)	1
(82  -  2248)	1
(82  -  2398)	1
(82  -  2594)	1
(82  -  3101)	1
(82  -  3583)	1
(82  -  4093)	1
(82  -  4728)	1
(144  -  42)	1
(42  -  93)	1
(42  -  261)	1
(42  -  639)	1
(42  -  1729)	1
(42  -  1761)	1
(42  -  1790)	1
(42  -  2324)	1
(42  -  2650)	1
(42  -  2657)	1
(42  -  2946)	1
(42  -  3069)	1
(42  -  3106)	1
(42  -  3268)	1
(42  -  3307)	1
(42  -  3372)	1
(42  -  3499)	1
(42  -  4197)	1
(42  -  4572)	1
(42  -  4808)	1
(42  -  4999)	1
(93  -  1062)	1
(93  -  3012)	1
(93  -  3060)	1
(93  -  3174)	1
(93  -  3581)	1
(93  -  3864)	1
(93  -  3892)	1
(93  -  4374)	1
(93  -  4806)	1
(93  -  4845)	1
(144  -  78)	1
(78  -  86)	1
(78  -  403)	1
(78  -  928)	1
(78  -  1082)	1
(78  -  1163)	1
(78  -  2056)	1
(78  -  2166)	1
(78  -  2343)	1
(78  -  2511)	1
(78  -  2680)	1
(78  -  3357)	1
(78  -  3377)	1
(78  -  3814)	1
(78  -  3940)	1
(78  -  4018)	1
(78  -  4451)	1
(78  -  4463)	1
(78  -  4767)	1
(86  -  31)	1
(31  -  399)	1
(31  -  1262)	1
(31  -  1813)	1
(31  -  2698)	1
(31  -  3118)	1
(31  -  3256)	1
(31  -  3291)	1
(31  -  3299)	1
(31  -  3520)	1
(31  -  3526)	1
(31  -  3708)	1
(31  -  3819)	1
(31  -  3895)	1
(31  -  4074)	1
(31  -  4230)	1
(31  -  4323)	1
(86  -  204)	1
(86  -  341)	1
(86  -  630)	1
(86  -  835)	1
(86  -  1021)	1
(86  -  1275)	1
(86  -  1543)	1
(86  -  1959)	1
(86  -  2437)	1
(86  -  2507)	1
(86  -  2633)	1
(86  -  2740)	1
(86  -  3067)	1
(86  -  3205)	1
(86  -  3411)	1
(86  -  3947)	1
(86  -  4033)	1
(86  -  4119)	1
(86  -  4305)	1
(86  -  4322)	1
(86  -  4338)	1
(86  -  4455)	1
(86  -  4532)	1
(86  -  4596)	1
(86  -  4781)	1
(86  -  4910)	1
(144  -  88)	1
(88  -  46)	1
(46  -  95)	1
(46  -  271)	1
(46  -  333)	1
(46  -  420)	1
(46  -  668)	1
(46  -  1484)	1
(46  -  2463)	1
(46  -  2484)	1
(46  -  2581)	1
(46  -  3109)	1
(46  -  3124)	1
(46  -  3534)	1
(46  -  3560)	1
(46  -  3636)	1
(46  -  3858)	1
(46  -  3893)	1
(46  -  4202)	1
(46  -  4543)	1
(46  -  4670)	1
(46  -  4894)	1
(88  -  524)	1
(88  -  760)	1
(88  -  1116)	1
(88  -  1165)	1
(88  -  1648)	1
(88  -  1769)	1
(88  -  1921)	1
(88  -  2207)	1
(88  -  2277)	1
(88  -  2431)	1
(88  -  2884)	1
(88  -  2905)	1
(88  -  3121)	1
(88  -  3203)	1
(88  -  3207)	1
(88  -  3433)	1
(88  -  3487)	1
(88  -  3617)	1
(88  -  3861)	1
(88  -  3876)	1
(88  -  4087)	1
(88  -  4143)	1
(88  -  4394)	1
(88  -  4795)	1
(95  -  300)	1
(95  -  328)	1
(95  -  503)	1
(95  -  739)	1
(95  -  797)	1
(95  -  1263)	1
(95  -  1270)	1
(95  -  1318)	1
(95  -  1358)	1
(95  -  2015)	1
(95  -  2217)	1
(95  -  2357)	1
(95  -  2477)	1
(95  -  2544)	1
(95  -  2952)	1
(95  -  3008)	1
(95  -  3267)	1
(95  -  3366)	1
(95  -  3380)	1
(95  -  3494)	1
(95  -  3961)	1
(95  -  4021)	1
(95  -  4026)	1
(95  -  4064)	1
(95  -  4153)	1
(95  -  4245)	1
(95  -  4246)	1
(95  -  4266)	1
(95  -  4391)	1
(95  -  4962)	1
(144  -  213)	1
(144  -  883)	1
(144  -  1129)	1
(144  -  1138)	1
(144  -  1353)	1
(144  -  1373)	1
(144  -  1398)	1
(144  -  1559)	1
(144  -  1902)	1
(144  -  1928)	1
(144  -  2178)	1
(144  -  2233)	1
(144  -  2429)	1
(144  -  2685)	1
(144  -  3375)	1
(144  -  3774)	1
(144  -  3879)	1
(144  -  4148)	1
(144  -  4364)	1
(144  -  4448)	1
(144  -  4877)	1
(169  -  733)	1
(169  -  937)	1
(169  -  1197)	1
(169  -  1317)	1
(169  -  1618)	1
(169  -  1858)	1
(169  -  2093)	1
(169  -  2144)	1
(169  -  2181)	1
(169  -  2238)	1
(169  -  2568)	1
(169  -  2598)	1
(169  -  3023)	1
(169  -  3156)	1
(169  -  3498)	1
(169  -  3901)	1
(169  -  3988)	1
(169  -  4651)	1
(169  -  4694)	1
(169  -  4726)	1
(169  -  4797)	1
(169  -  4928)	1
(170  -  202)	1
(170  -  518)	1
(170  -  721)	1
(170  -  1367)	1
(170  -  1736)	1
(170  -  2032)	1
(170  -  2036)	1
(170  -  2244)	1
(170  -  2847)	1
(170  -  2924)	1
(170  -  2992)	1
(170  -  3092)	1
(170  -  3738)	1
(170  -  4326)	1
(170  -  4431)	1
(170  -  4605)	1
(170  -  4729)	1
(170  -  4929)	1
(174  -  130)	1
(130  -  705)	1
(130  -  1249)	1
(130  -  1475)	1
(130  -  1514)	1
(130  -  1565)	1
(130  -  2186)	1
(130  -  2199)	1
(130  -  2792)	1
(130  -  2948)	1
(130  -  3241)	1
(130  -  3358)	1
(130  -  3808)	1
(130  -  4732)	1
(130  -  4787)	1
(130  -  4864)	1
(174  -  260)	1
(174  -  665)	1
(174  -  784)	1
(174  -  1010)	1
(174  -  1076)	1
(174  -  1089)	1
(174  -  1273)	1
(174  -  1558)	1
(174  -  1575)	1
(174  -  1664)	1
(174  -  2161)	1
(174  -  2574)	1
(174  -  2674)	1
(174  -  2678)	1
(174  -  2766)	1
(174  -  2827)	1
(174  -  2875)	1
(174  -  3159)	1
(174  -  3300)	1
(174  -  3402)	1
(174  -  4169)	1
(174  -  4376)	1
(174  -  4955)	1
(175  -  837)	1
(175  -  1284)	1
(175  -  2337)	1
(175  -  2666)	1
(175  -  3605)	1
(175  -  3959)	1
(175  -  4594)	1
(175  -  4681)	1
(176  -  115)	1
(115  -  275)	1
(115  -  590)	1
(115  -  599)	1
(115  -  1055)	1
(115  -  1311)	1
(115  -  1457)	1
(115  -  1962)	1
(115  -  2402)	1
(115  -  2642)	1
(115  -  3305)	1
(115  -  3322)	1
(115  -  3450)	1
(115  -  3457)	1
(115  -  3563)	1
(115  -  3694)	1
(115  -  3755)	1
(115  -  3834)	1
(115  -  3902)	1
(115  -  3962)	1
(115  -  4288)	1
(115  -  4290)	1
(115  -  4443)	1
(115  -  4875)	1
(115  -  4918)	1
(115  -  4919)	1
(115  -  4985)	1
(176  -  769)	1
(176  -  788)	1
(176  -  1110)	1
(176  -  1544)	1
(176  -  1844)	1
(176  -  1979)	1
(176  -  2131)	1
(176  -  2927)	1
(176  -  3141)	1
(176  -  3252)	1
(176  -  3257)	1
(176  -  4147)	1
(176  -  4635)	1
(177  -  7)	1
(7  -  272)	1
(7  -  445)	1
(7  -  1011)	1
(7  -  1541)	1
(7  -  1734)	1
(7  -  1913)	1
(7  -  2620)	1
(7  -  2679)	1
(7  -  3182)	1
(7  -  3863)	1
(7  -  4000)	1
(7  -  4224)	1
(7  -  4434)	1
(7  -  4978)	1
(177  -  314)	1
(177  -  485)	1
(177  -  582)	1
(177  -  650)	1
(177  -  782)	1
(177  -  841)	1
(177  -  1227)	1
(177  -  1863)	1
(177  -  2365)	1
(177  -  2552)	1
(177  -  4768)	1
(177  -  4809)	1
(178  -  549)	1
(178  -  790)	1
(178  -  1329)	1
(178  -  1861)	1
(178  -  1896)	1
(178  -  2000)	1
(178  -  2089)	1
(178  -  2555)	1
(178  -  2746)	1
(178  -  3327)	1
(178  -  4019)	1
(178  -  4094)	1
(178  -  4198)	1
(178  -  4612)	1
(178  -  4805)	1
(179  -  1400)	1
(179  -  1891)	1
(179  -  2363)	1
(179  -  2371)	1
(179  -  2572)	1
(179  -  2686)	1
(179  -  2717)	1
(179  -  3677)	1
(179  -  3984)	1
(179  -  4301)	1
(179  -  4461)	1
(179  -  4761)	1
(180  -  14)	1
(14  -  1098)	1
(14  -  1182)	1
(14  -  1389)	1
(14  -  1503)	1
(14  -  1690)	1
(14  -  1800)	1
(14  -  1911)	1
(14  -  2449)	1
(14  -  2519)	1
(14  -  2528)	1
(14  -  3412)	1
(14  -  4141)	1
(14  -  4561)	1
(14  -  4932)	1
(14  -  4987)	1
(14  -  4993)	1
(180  -  38)	1
(38  -  168)	1
(38  -  226)	1
(38  -  317)	1
(38  -  491)	1
(38  -  2312)	1
(38  -  2333)	1
(38  -  2388)	1
(38  -  2411)	1
(38  -  2450)	1
(38  -  2538)	1
(38  -  3070)	1
(38  -  3284)	1
(38  -  4256)	1
(38  -  4281)	1
(38  -  4355)	1
(168  -  67)	1
(67  -  444)	1
(67  -  1238)	1
(67  -  1447)	1
(67  -  1500)	1
(67  -  1667)	1
(67  -  2038)	1
(67  -  2622)	1
(67  -  2660)	1
(67  -  2918)	1
(67  -  3011)	1
(67  -  3590)	1
(67  -  4407)	1
(67  -  4508)	1
(67  -  4541)	1
(67  -  4591)	1
(67  -  4711)	1
(67  -  4792)	1
(67  -  4988)	1
(168  -  233)	1
(168  -  359)	1
(168  -  614)	1
(168  -  1231)	1
(168  -  1955)	1
(168  -  2327)	1
(168  -  2561)	1
(168  -  2734)	1
(168  -  3277)	1
(168  -  3711)	1
(168  -  4353)	1
(168  -  4446)	1
(180  -  354)	1
(180  -  496)	1
(180  -  783)	1
(180  -  867)	1
(180  -  1128)	1
(180  -  1930)	1
(180  -  2223)	1
(180  -  2325)	1
(180  -  2375)	1
(180  -  2485)	1
(180  -  3295)	1
(180  -  4040)	1
(180  -  4756)	1
(181  -  25)	1
(25  -  454)	1
(25  -  1019)	1
(25  -  1630)	1
(25  -  2035)	1
(25  -  2083)	1
(25  -  2386)	1
(25  -  2942)	1
(25  -  3032)	1
(25  -  3311)	1
(25  -  3312)	1
(25  -  3463)	1
(181  -  90)	1
(90  -  319)	1
(90  -  342)	1
(90  -  601)	1
(90  -  1513)	1
(90  -  1832)	1
(90  -  2201)	1
(90  -  2671)	1
(90  -  2724)	1
(90  -  3114)	1
(90  -  3320)	1
(90  -  3447)	1
(90  -  3607)	1
(90  -  3899)	1
(90  -  3929)	1
(90  -  3995)	1
(90  -  4085)	1
(90  -  4184)	1
(90  -  4412)	1
(90  -  4530)	1
(90  -  4545)	1
(90  -  4564)	1
(90  -  4718)	1
(181  -  187)	1
(181  -  313)	1
(181  -  1094)	1
(181  -  1388)	1
(181  -  2013)	1
(181  -  2165)	1
(181  -  2602)	1
(181  -  2607)	1
(181  -  3096)	1
(181  -  3488)	1
(181  -  3799)	1
(182  -  206)	1
(182  -  295)	1
(182  -  488)	1
(182  -  498)	1
(182  -  607)	1
(182  -  652)	1
(182  -  736)	1
(182  -  741)	1
(182  -  1340)	1
(182  -  1415)	1
(182  -  1745)	1
(182  -  2254)	1
(182  -  2640)	1
(182  -  3061)	1
(182  -  3078)	1
(182  -  3345)	1
(182  -  4253)	1
(182  -  4498)	1
(182  -  4913)	1
(182  -  4953)	1
(184  -  58)	1
(58  -  104)	1
(58  -  139)	1
(58  -  997)	1
(58  -  1243)	1
(58  -  1428)	1
(58  -  1705)	1
(58  -  1806)	1
(58  -  1842)	1
(58  -  2023)	1
(58  -  2280)	1
(58  -  2415)	1
(58  -  2416)	1
(58  -  3013)	1
(58  -  3167)	1
(58  -  3352)	1
(58  -  3438)	1
(58  -  3462)	1
(58  -  3475)	1
(58  -  3514)	1
(58  -  3628)	1
(58  -  3742)	1
(58  -  3754)	1
(104  -  349)	1
(104  -  570)	1
(104  -  581)	1
(104  -  842)	1
(104  -  1264)	1
(104  -  1534)	1
(104  -  1609)	1
(104  -  1980)	1
(104  -  2059)	1
(104  -  2310)	1
(104  -  3900)	1
(104  -  4011)	1
(104  -  4406)	1
(104  -  4727)	1
(139  -  290)	1
(139  -  597)	1
(139  -  795)	1
(139  -  925)	1
(139  -  1433)	1
(139  -  1607)	1
(139  -  1885)	1
(139  -  2647)	1
(139  -  3573)	1
(139  -  4395)	1
(139  -  4646)	1
(139  -  4866)	1
(184  -  241)	1
(184  -  243)	1
(184  -  657)	1
(184  -  1299)	1
(184  -  1704)	1
(184  -  1933)	1
(184  -  2403)	1
(184  -  3057)	1
(184  -  3192)	1
(184  -  3758)	1
(184  -  4509)	1
(184  -  4571)	1
(184  -  4641)	1
(184  -  4647)	1
(184  -  4738)	1
(184  -  4922)	1
(186  -  211)	1
(186  -  299)	1
(186  -  453)	1
(186  -  709)	1
(186  -  880)	1
(186  -  956)	1
(186  -  1751)	1
(186  -  1775)	1
(186  -  1963)	1
(186  -  2177)	1
(186  -  2453)	1
(186  -  2505)	1
(186  -  2508)	1
(186  -  2839)	1
(186  -  2844)	1
(186  -  3515)	1
(186  -  3725)	1
(186  -  4212)	1
(186  -  4252)	1
(186  -  4371)	1
(187  -  147)	1
(147  -  472)	1
(147  -  904)	1
(147  -  921)	1
(147  -  969)	1
(147  -  1171)	1
(147  -  1201)	1
(147  -  1272)	1
(147  -  1593)	1
(147  -  1649)	1
(147  -  1720)	1
(147  -  1903)	1
(147  -  2016)	1
(147  -  2209)	1
(147  -  2612)	1
(147  -  3576)	1
(147  -  4054)	1
(147  -  4287)	1
(147  -  4505)	1
(147  -  4522)	1
(147  -  4697)	1
(147  -  4813)	1
(187  -  543)	1
(187  -  554)	1
(187  -  871)	1
(187  -  1189)	1
(187  -  1366)	1
(187  -  1654)	1
(187  -  2389)	1
(187  -  2654)	1
(187  -  2985)	1
(187  -  3206)	1
(187  -  3222)	1
(187  -  4321)	1
(188  -  52)	1
(52  -  48)	1
(48  -  72)	1
(48  -  197)	1
(48  -  305)	1
(48  -  406)	1
(48  -  1195)	1
(48  -  1350)	1
(48  -  1545)	1
(48  -  1794)	1
(48  -  2119)	1
(48  -  2489)	1
(48  -  2548)	1
(48  -  2590)	1
(48  -  3631)	1
(52  -  60)	1
(52  -  302)	1
(52  -  460)	1
(52  -  617)	1
(52  -  789)	1
(52  -  1627)	1
(52  -  1809)	1
(52  -  2443)	1
(52  -  2762)	1
(52  -  3518)	1
(52  -  4120)	1
(52  -  4554)	1
(52  -  4773)	1
(52  -  4897)	1
(60  -  101)	1
(60  -  239)	1
(60  -  255)	1
(60  -  656)	1
(60  -  944)	1
(60  -  1017)	1
(60  -  2336)	1
(60  -  3637)	1
(60  -  4020)	1
(60  -  4378)	1
(60  -  4436)	1
(72  -  916)	1
(72  -  1436)	1
(72  -  1792)	1
(72  -  2744)	1
(72  -  2756)	1
(72  -  3103)	1
(72  -  3265)	1
(72  -  3386)	1
(72  -  3460)	1
(72  -  3632)	1
(72  -  3757)	1
(72  -  3949)	1
(72  -  4052)	1
(72  -  4104)	1
(72  -  4331)	1
(72  -  4742)	1
(72  -  4750)	1
(72  -  4802)	1
(101  -  515)	1
(101  -  558)	1
(101  -  926)	1
(101  -  1072)	1
(101  -  1113)	1
(101  -  1211)	1
(101  -  1498)	1
(101  -  1924)	1
(101  -  2062)	1
(101  -  2253)	1
(101  -  2835)	1
(101  -  2877)	1
(101  -  3338)	1
(101  -  3513)	1
(101  -  4089)	1
(101  -  4092)	1
(101  -  4684)	1
(101  -  4948)	1
(188  -  412)	1
(188  -  556)	1
(188  -  682)	1
(188  -  742)	1
(188  -  846)	1
(188  -  1141)	1
(188  -  1381)	1
(188  -  1550)	1
(188  -  1689)	1
(188  -  1898)	1
(188  -  2139)	1
(188  -  2245)	1
(188  -  2615)	1
(188  -  2816)	1
(188  -  2958)	1
(188  -  3045)	1
(188  -  3218)	1
(188  -  3314)	1
(188  -  4080)	1
(188  -  4225)	1
(188  -  4385)	1
(189  -  567)	1
(189  -  1408)	1
(189  -  1518)	1
(189  -  1697)	1
(189  -  1781)	1
(189  -  2218)	1
(189  -  2266)	1
(189  -  3251)	1
(189  -  3423)	1
(189  -  3535)	1
(189  -  3832)	1
(190  -  203)	1
(190  -  479)	1
(190  -  695)	1
(190  -  744)	1
(190  -  1274)	1
(190  -  1540)	1
(190  -  2294)	1
(190  -  2757)	1
(190  -  3388)	1
(190  -  3459)	1
(190  -  3952)	1
(190  -  4357)	1
(190  -  4381)	1
(190  -  4569)	1
(190  -  4852)	1
(191  -  411)	1
(191  -  777)	1
(191  -  852)	1
(191  -  1081)	1
(191  -  1282)	1
(191  -  2405)	1
(191  -  2412)	1
(191  -  2579)	1
(191  -  2597)	1
(191  -  2857)	1
(191  -  3443)	1
(191  -  3472)	1
(191  -  3764)	1
(191  -  4783)	1
(192  -  717)	1
(192  -  756)	1
(192  -  1743)	1
(192  -  1882)	1
(192  -  2046)	1
(192  -  2547)	1
(192  -  3195)	1
(192  -  3474)	1
(192  -  3551)	1
(192  -  3690)	1
(192  -  3835)	1
(192  -  4816)	1
(196  -  39)	1
(39  -  26)	1
(26  -  547)	1
(26  -  849)	1
(26  -  1034)	1
(26  -  1522)	1
(26  -  2047)	1
(26  -  2693)	1
(26  -  3102)	1
(26  -  3126)	1
(26  -  3368)	1
(26  -  3452)	1
(26  -  3815)	1
(26  -  4318)	1
(26  -  4342)	1
(26  -  4389)	1
(26  -  4937)	1
(39  -  89)	1
(39  -  423)	1
(39  -  738)	1
(39  -  767)	1
(39  -  1780)	1
(39  -  2400)	1
(39  -  2472)	1
(39  -  2728)	1
(39  -  2790)	1
(39  -  2830)	1
(39  -  2895)	1
(39  -  2923)	1
(39  -  3329)	1
(39  -  3942)	1
(39  -  4251)	1
(39  -  4282)	1
(39  -  4411)	1
(39  -  4512)	1
(39  -  4634)	1
(39  -  4844)	1
(39  -  4889)	1
(89  -  966)	1
(89  -  1431)	1
(89  -  3120)	1
(89  -  3449)	1
(89  -  3719)	1
(89  -  3894)	1
(89  -  4489)	1
(196  -  1088)	1
(196  -  1521)	1
(196  -  2236)	1
(196  -  2270)	1
(196  -  2481)	1
(196  -  2732)	1
(196  -  2788)	1
(196  -  2886)	1
(196  -  3328)	1
(196  -  3867)	1
(196  -  4121)	1
(196  -  4267)	1
(196  -  4423)	1
(196  -  4582)	1
(196  -  4770)	1
(197  -  511)	1
(197  -  521)	1
(197  -  560)	1
(197  -  578)	1
(197  -  1176)	1
(197  -  1849)	1
(197  -  2517)	1
(197  -  2703)	1
(197  -  2795)	1
(197  -  3211)	1
(197  -  3219)	1
(198  -  455)	1
(198  -  911)	1
(198  -  1615)	1
(198  -  1728)	1
(198  -  1741)	1
(198  -  2322)	1
(198  -  2510)	1
(198  -  2846)	1
(198  -  3672)	1
(198  -  4296)	1
(198  -  4442)	1
(198  -  4466)	1
(198  -  4705)	1
(198  -  4778)	1
(198  -  4815)	1
(200  -  37)	1
(37  -  183)	1
(37  -  751)	1
(37  -  1371)	1
(37  -  2026)	1
(37  -  2039)	1
(37  -  2157)	1
(37  -  2452)	1
(37  -  2828)	1
(37  -  2920)	1
(37  -  2999)	1
(37  -  3479)	1
(37  -  3856)	1
(37  -  4043)	1
(37  -  4825)	1
(37  -  4905)	1
(183  -  768)	1
(183  -  809)	1
(183  -  1174)	1
(183  -  1710)	1
(183  -  1999)	1
(183  -  2014)	1
(183  -  2197)	1
(183  -  2482)	1
(183  -  2836)	1
(183  -  3021)	1
(183  -  3107)	1
(183  -  3242)	1
(183  -  3556)	1
(183  -  4259)	1
(183  -  4425)	1
(183  -  4558)	1
(183  -  4603)	1
(183  -  4609)	1
(183  -  4876)	1
(200  -  392)	1
(200  -  620)	1
(200  -  851)	1
(200  -  1958)	1
(200  -  2094)	1
(200  -  3154)	1
(200  -  4274)	1
(200  -  4595)	1
(201  -  1181)	1
(201  -  1439)	1
(201  -  1466)	1
(201  -  2638)	1
(201  -  3753)	1
(201  -  4765)	1
(201  -  4785)	1
(201  -  4920)	1
(201  -  4980)	1
(202  -  951)	1
(202  -  1043)	1
(202  -  1222)	1
(202  -  1380)	1
(202  -  1512)	1
(202  -  2425)	1
(202  -  2726)	1
(202  -  2799)	1
(202  -  3233)	1
(202  -  3699)	1
(202  -  3724)	1
(202  -  3868)	1
(202  -  4553)	1
(202  -  4790)	1
(203  -  56)	1
(56  -  152)	1
(56  -  1811)	1
(56  -  1931)	1
(56  -  2269)	1
(56  -  2273)	1
(56  -  2364)	1
(56  -  2677)	1
(56  -  2786)	1
(56  -  3663)	1
(56  -  4118)	1
(56  -  4375)	1
(56  -  4424)	1
(56  -  4519)	1
(152  -  20)	1
(20  -  462)	1
(20  -  1261)	1
(20  -  1343)	1
(20  -  1692)	1
(20  -  1698)	1
(20  -  1916)	1
(20  -  2965)	1
(20  -  3024)	1
(20  -  4494)	1
(20  -  4763)	1
(152  -  109)	1
(109  -  24)	1
(24  -  367)	1
(24  -  382)	1
(24  -  384)	1
(24  -  1726)	1
(24  -  2476)	1
(24  -  3056)	1
(24  -  3321)	1
(24  -  3704)	1
(24  -  3874)	1
(24  -  3926)	1
(109  -  27)	1
(27  -  1064)	1
(27  -  1108)	1
(27  -  1280)	1
(27  -  2115)	1
(27  -  3244)	1
(27  -  3417)	1
(27  -  4076)	1
(27  -  4909)	1
(109  -  119)	1
(109  -  162)	1
(109  -  244)	1
(109  -  269)	1
(109  -  667)	1
(109  -  806)	1
(109  -  1252)	1
(109  -  1267)	1
(109  -  1418)	1
(109  -  1472)	1
(109  -  2214)	1
(109  -  2737)	1
(109  -  2953)	1
(109  -  3191)	1
(109  -  3668)	1
(109  -  3735)	1
(109  -  4122)	1
(109  -  4237)	1
(109  -  4963)	1
(119  -  199)	1
(119  -  628)	1
(119  -  960)	1
(119  -  1156)	1
(119  -  1907)	1
(119  -  1951)	1
(119  -  2272)	1
(119  -  2745)	1
(119  -  3382)	1
(119  -  3586)	1
(119  -  3823)	1
(119  -  3843)	1
(119  -  3938)	1
(119  -  4028)	1
(119  -  4916)	1
(152  -  770)	1
(152  -  3547)	1
(152  -  3602)	1
(152  -  3980)	1
(162  -  644)	1
(162  -  840)	1
(162  -  1102)	1
(162  -  3777)	1
(162  -  3793)	1
(162  -  4536)	1
(162  -  4666)	1
(162  -  4724)	1
(162  -  4893)	1
(199  -  586)	1
(199  -  829)	1
(199  -  908)	1
(199  -  1342)	1
(199  -  1510)	1
(199  -  1608)	1
(199  -  2372)	1
(199  -  2407)	1
(199  -  2625)	1
(199  -  3193)	1
(199  -  4836)	1
(203  -  1047)	1
(203  -  2057)	1
(203  -  2122)	1
(203  -  2621)	1
(203  -  4193)	1
(203  -  4656)	1
(203  -  4992)	1
(204  -  329)	1
(204  -  338)	1
(204  -  973)	1
(204  -  1742)	1
(204  -  1866)	1
(204  -  1936)	1
(204  -  2509)	1
(204  -  2885)	1
(204  -  3271)	1
(205  -  15)	1
(15  -  480)	1
(15  -  897)	1
(15  -  1403)	1
(15  -  1483)	1
(15  -  2314)	1
(15  -  2448)	1
(15  -  3306)	1
(15  -  3622)	1
(15  -  4175)	1
(15  -  4269)	1
(15  -  4661)	1
(205  -  222)	1
(205  -  229)	1
(205  -  240)	1
(205  -  602)	1
(205  -  671)	1
(205  -  2540)	1
(205  -  2653)	1
(205  -  2911)	1
(205  -  2990)	1
(205  -  3210)	1
(205  -  3987)	1
(205  -  4164)	1
(206  -  722)	1
(206  -  725)	1
(206  -  1022)	1
(206  -  1133)	1
(206  -  1279)	1
(206  -  1345)	1
(206  -  2152)	1
(206  -  2198)	1
(206  -  2882)	1
(207  -  575)	1
(207  -  778)	1
(207  -  2126)	1
(207  -  2979)	1
(207  -  3163)	1
(207  -  3700)	1
(207  -  3802)	1
(207  -  3924)	1
(207  -  3956)	1
(207  -  4485)	1
(209  -  1236)	1
(209  -  1445)	1
(209  -  1756)	1
(209  -  2626)	1
(209  -  2945)	1
(209  -  3130)	1
(209  -  3225)	1
(209  -  3343)	1
(209  -  3501)	1
(209  -  3880)	1
(209  -  3976)	1
(210  -  1730)	1
(210  -  2072)	1
(210  -  2282)	1
(210  -  2350)	1
(210  -  2608)	1
(210  -  4642)	1
(210  -  4776)	1
(211  -  55)	1
(55  -  153)	1
(55  -  957)	1
(55  -  1063)	1
(55  -  1065)	1
(55  -  2063)	1
(55  -  2445)	1
(55  -  2712)	1
(55  -  3401)	1
(55  -  3469)	1
(55  -  3955)	1
(55  -  4077)	1
(55  -  4369)	1
(55  -  4854)	1
(153  -  981)	1
(153  -  4265)	1
(153  -  4552)	1
(153  -  4812)	1
(211  -  564)	1
(211  -  953)	1
(211  -  3546)	1
(211  -  3786)	1
(211  -  3911)	1
(211  -  4222)	1
(211  -  4379)	1
(212  -  92)	1
(92  -  16)	1
(16  -  939)	1
(16  -  983)	1
(16  -  1505)	1
(16  -  1604)	1
(16  -  2298)	1
(16  -  2629)	1
(16  -  2763)	1
(16  -  2984)	1
(16  -  3465)	1
(16  -  4131)	1
(16  -  4152)	1
(16  -  4304)	1
(16  -  4534)	1
(92  -  353)	1
(92  -  800)	1
(92  -  1159)	1
(92  -  2155)	1
(92  -  2522)	1
(92  -  2687)	1
(92  -  2708)	1
(92  -  3532)	1
(92  -  3731)	1
(92  -  4710)	1
(212  -  262)	1
(212  -  595)	1
(212  -  1432)	1
(212  -  1469)	1
(212  -  1585)	1
(212  -  1938)	1
(212  -  2401)	1
(212  -  3015)	1
(212  -  3680)	1
(213  -  112)	1
(112  -  457)	1
(112  -  865)	1
(112  -  934)	1
(112  -  977)	1
(112  -  1016)	1
(112  -  1078)	1
(112  -  1305)	1
(112  -  1450)	1
(112  -  1767)	1
(112  -  1773)	1
(112  -  2124)	1
(112  -  2169)	1
(112  -  2390)	1
(112  -  3058)	1
(112  -  3288)	1
(112  -  4099)	1
(112  -  4272)	1
(112  -  4860)	1
(213  -  562)	1
(213  -  816)	1
(213  -  999)	1
(213  -  1080)	1
(213  -  1083)	1
(213  -  1186)	1
(213  -  1530)	1
(213  -  1796)	1
(213  -  2439)	1
(213  -  3028)	1
(213  -  3033)	1
(213  -  3296)	1
(213  -  3506)	1
(213  -  4422)	1
(214  -  574)	1
(214  -  672)	1
(214  -  2913)	1
(214  -  3042)	1
(214  -  4435)	1
(214  -  4613)	1
(215  -  915)	1
(215  -  1768)	1
(215  -  1987)	1
(215  -  2031)	1
(215  -  2521)	1
(215  -  3770)	1
(215  -  3807)	1
(215  -  4671)	1
(216  -  171)	1
(171  -  355)	1
(171  -  356)	1
(171  -  565)	1
(171  -  658)	1
(171  -  2328)	1
(171  -  3055)	1
(171  -  3064)	1
(171  -  4215)	1
(171  -  4723)	1
(171  -  4822)	1
(216  -  1998)	1
(216  -  2537)	1
(216  -  2584)	1
(216  -  2731)	1
(216  -  2936)	1
(216  -  3561)	1
(216  -  4098)	1
(216  -  4132)	1
(218  -  1160)	1
(218  -  2060)	1
(218  -  2185)	1
(218  -  4791)	1
(219  -  979)	1
(219  -  1897)	1
(219  -  1923)	1
(219  -  2473)	1
(219  -  3428)	1
(219  -  4159)	1
(219  -  4363)	1
(219  -  4861)	1
(219  -  4869)	1
(220  -  74)	1
(74  -  29)	1
(29  -  160)	1
(29  -  264)	1
(29  -  1661)	1
(29  -  2988)	1
(29  -  3568)	1
(29  -  4588)	1
(74  -  114)	1
(74  -  1119)	1
(74  -  1841)	1
(74  -  2937)	1
(74  -  2971)	1
(74  -  3122)	1
(74  -  4271)	1
(74  -  4283)	1
(114  -  874)	1
(114  -  2050)	1
(114  -  2098)	1
(114  -  3369)	1
(114  -  3592)	1
(114  -  3645)	1
(114  -  4081)	1
(114  -  4126)	1
(114  -  4238)	1
(160  -  888)	1
(160  -  1051)	1
(160  -  1569)	1
(160  -  1886)	1
(160  -  3909)	1
(160  -  4873)	1
(220  -  1006)	1
(220  -  1193)	1
(220  -  1396)	1
(220  -  2012)	1
(220  -  2682)	1
(220  -  3085)	1
(220  -  4201)	1
(221  -  32)	1
(32  -  195)	1
(32  -  1202)	1
(32  -  1552)	1
(32  -  1643)	1
(32  -  2349)	1
(32  -  4631)	1
(32  -  4699)	1
(195  -  421)	1
(195  -  1008)	1
(195  -  1147)	1
(195  -  2170)	1
(195  -  3427)	1
(195  -  3964)	1
(195  -  4061)	1
(221  -  497)	1
(221  -  962)	1
(221  -  1969)	1
(221  -  2404)	1
(221  -  2488)	1
(221  -  3158)	1
(221  -  3228)	1
(221  -  3455)	1
(221  -  4135)	1
(221  -  4479)	1
(221  -  4529)	1
(221  -  4970)	1
(222  -  390)	1
(222  -  746)	1
(222  -  907)	1
(222  -  1075)	1
(222  -  1109)	1
(222  -  1172)	1
(222  -  3577)	1
(222  -  3584)	1
(222  -  3971)	1
(222  -  4366)	1
(222  -  4851)	1
(224  -  2919)	1
(224  -  3464)	1
(224  -  3511)	1
(224  -  3648)	1
(225  -  873)	1
(225  -  2154)	1
(225  -  2163)	1
(225  -  3730)	1
(225  -  4154)	1
(225  -  4430)	1
(225  -  4454)	1
(225  -  4482)	1
(226  -  316)	1
(226  -  1033)	1
(226  -  2562)	1
(226  -  2898)	1
(226  -  3287)	1
(226  -  3579)	1
(226  -  3848)	1
(227  -  540)	1
(227  -  2549)	1
(227  -  4333)	1
(228  -  151)	1
(151  -  173)	1
(151  -  563)	1
(151  -  1283)	1
(151  -  2825)	1
(151  -  2845)	1
(151  -  2848)	1
(151  -  4124)	1
(151  -  4567)	1
(151  -  4584)	1
(173  -  75)	1
(75  -  1940)	1
(75  -  2287)	1
(75  -  2659)	1
(75  -  2998)	1
(75  -  3510)	1
(75  -  4263)	1
(75  -  4941)	1
(173  -  154)	1
(154  -  134)	1
(134  -  100)	1
(100  -  1208)	1
(100  -  2146)	1
(100  -  2780)	1
(100  -  4474)	1
(134  -  535)	1
(134  -  631)	1
(134  -  836)	1
(134  -  860)	1
(134  -  950)	1
(134  -  1860)	1
(134  -  1944)	1
(134  -  3670)	1
(134  -  4012)	1
(134  -  4828)	1
(134  -  4923)	1
(134  -  4936)	1
(154  -  1765)	1
(154  -  2441)	1
(154  -  2457)	1
(154  -  2765)	1
(154  -  2860)	1
(154  -  3046)	1
(154  -  3768)	1
(154  -  4620)	1
(173  -  2189)	1
(173  -  4220)	1
(228  -  395)	1
(228  -  1355)	1
(228  -  1407)	1
(228  -  3189)	1
(228  -  3870)	1
(228  -  4373)	1
(228  -  4468)	1
(228  -  4855)	1
(229  -  2616)	1
(229  -  3565)	1
(229  -  3791)	1
(229  -  4843)	1
(230  -  793)	1
(230  -  823)	1
(230  -  2034)	1
(230  -  2084)	1
(230  -  2137)	1
(230  -  3279)	1
(230  -  3787)	1
(230  -  4814)	1
(230  -  4863)	1
(231  -  1111)	1
(231  -  1739)	1
(231  -  1754)	1
(231  -  3177)	1
(231  -  3409)	1
(231  -  3722)	1
(231  -  4008)	1
(232  -  1131)	1
(232  -  1560)	1
(233  -  571)	1
(233  -  688)	1
(233  -  1291)	1
(233  -  3258)	1
(233  -  4204)	1
(233  -  4550)	1
(234  -  425)	1
(234  -  1256)	1
(234  -  1945)	1
(234  -  2087)	1
(234  -  3507)	1
(234  -  3978)	1
(234  -  4013)	1
(235  -  734)	1
(235  -  935)	1
(235  -  1349)	1
(235  -  1957)	1
(235  -  2573)	1
(235  -  3866)	1
(235  -  4511)	1
(237  -  274)	1
(237  -  404)	1
(237  -  1003)	1
(237  -  2775)	1
(237  -  3050)	1
(237  -  3473)	1
(237  -  3994)	1
(237  -  4883)	1
(238  -  414)	1
(238  -  1184)	1
(238  -  1443)	1
(238  -  1989)	1
(238  -  2341)	1
(238  -  2619)	1
(238  -  2864)	1
(238  -  3536)	1
(239  -  166)	1
(166  -  185)	1
(166  -  1997)	1
(166  -  2281)	1
(166  -  2591)	1
(166  -  3342)	1
(166  -  4400)	1
(166  -  4598)	1
(166  -  4924)	1
(185  -  636)	1
(185  -  1339)	1
(185  -  1807)	1
(185  -  4048)	1
(185  -  4130)	1
(185  -  4696)	1
(185  -  4945)	1
(239  -  1666)	1
(239  -  2307)	1
(239  -  2632)	1
(239  -  3044)	1
(239  -  4560)	1
(240  -  53)	1
(53  -  400)	1
(53  -  1173)	1
(53  -  1347)	1
(53  -  2669)	1
(53  -  2705)	1
(53  -  3441)	1
(53  -  3934)	1
(240  -  396)	1
(240  -  643)	1
(240  -  1461)	1
(240  -  2652)	1
(240  -  2719)	1
(240  -  3480)	1
(240  -  3626)	1
(240  -  3836)	1
(240  -  4578)	1
(241  -  1304)	1
(241  -  2494)	1
(241  -  3429)	1
(241  -  4803)	1
(242  -  887)	1
(242  -  2299)	1
(243  -  1653)	1
(243  -  1747)	1
(243  -  4030)	1
(244  -  263)	1
(244  -  424)	1
(244  -  875)	1
(244  -  1070)	1
(244  -  1391)	1
(244  -  4891)	1
(245  -  135)	1
(135  -  712)	1
(135  -  1939)	1
(135  -  2142)	1
(135  -  3082)	1
(135  -  3108)	1
(135  -  3736)	1
(135  -  4901)	1
(245  -  501)	1
(245  -  900)	1
(245  -  2972)	1
(245  -  3591)	1
(245  -  4904)	1
(248  -  246)	1
(246  -  249)	1
(246  -  774)	1
(246  -  2309)	1
(246  -  2393)	1
(246  -  2888)	1
(246  -  3400)	1
(246  -  3436)	1
(246  -  4626)	1
(248  -  415)	1
(248  -  2881)	1
(248  -  2978)	1
(248  -  3215)	1
(249  -  128)	1
(128  -  1383)	1
(128  -  1532)	1
(128  -  1816)	1
(128  -  2021)	1
(128  -  2735)	1
(128  -  2901)	1
(249  -  2529)	1
(249  -  2773)	1
(249  -  3930)	1
(249  -  4195)	1
(249  -  4497)	1
(250  -  684)	1
(250  -  1020)	1
(250  -  3373)	1
(251  -  691)	1
(251  -  1048)	1
(251  -  1376)	1
(251  -  1492)	1
(251  -  2530)	1
(251  -  4257)	1
(251  -  4951)	1
(253  -  923)	1
(253  -  2369)	1
(253  -  3054)	1
(253  -  3202)	1
(253  -  3393)	1
(253  -  4335)	1
(254  -  247)	1
(247  -  1566)	1
(247  -  1623)	1
(247  -  2397)	1
(247  -  3603)	1
(247  -  4886)	1
(254  -  942)	1
(254  -  1290)	1
(254  -  4384)	1
(254  -  4475)	1
(254  -  4535)	1
(254  -  4566)	1
(255  -  1077)	1
(255  -  1218)	1
(255  -  2993)	1
(256  -  573)	1
(256  -  1324)	1
(256  -  1862)	1
(256  -  2279)	1
(256  -  3871)	1
(256  -  4382)	1
(257  -  320)	1
(257  -  787)	1
(259  -  945)	1
(259  -  2040)	1
(259  -  3010)	1
(260  -  312)	1
(260  -  389)	1
(260  -  1344)	1
(260  -  1606)	1
(260  -  2158)	1
(260  -  2455)	1
(260  -  2599)	1
(260  -  3785)	1
(260  -  3933)	1
(261  -  2651)	1
(262  -  500)	1
(262  -  2395)	1
(262  -  2743)	1
(262  -  3030)	1
(262  -  3039)	1
(262  -  3737)	1
(263  -  728)	1
(263  -  898)	1
(263  -  1610)	1
(263  -  1628)	1
(263  -  1967)	1
(263  -  2064)	1
(263  -  3891)	1
(264  -  1636)	1
(264  -  3335)	1
(265  -  1721)	1
(265  -  1988)	1
(265  -  4247)	1
(265  -  4981)	1
(266  -  336)	1
(266  -  1853)	1
(266  -  2904)	1
(266  -  3266)	1
(266  -  4764)	1
(267  -  98)	1
(98  -  1718)	1
(98  -  2237)	1
(267  -  1409)	1
(267  -  3152)	1
(267  -  4138)	1
(268  -  2242)	1
(268  -  3018)	1
(268  -  4652)	1
(269  -  1934)	1
(269  -  3674)	1
(270  -  1651)	1
(270  -  1676)	1
(270  -  4183)	1
(270  -  4551)	1
(270  -  4669)	1
(271  -  51)	1
(51  -  40)	1
(40  -  2263)	1
(40  -  4692)	1
(40  -  4707)	1
(51  -  1015)	1
(51  -  1191)	1
(51  -  3486)	1
(51  -  4217)	1
(271  -  1437)	1
(271  -  1802)	1
(271  -  1960)	1
(272  -  1126)	1
(272  -  3420)	1
(272  -  4586)	1
(272  -  4820)	1
(273  -  366)	1
(273  -  1374)	1
(273  -  2001)	1
(273  -  2377)	1
(273  -  2586)	1
(273  -  4476)	1
(274  -  1066)	1
(274  -  2636)	1
(274  -  4053)	1
(275  -  223)	1
(223  -  236)	1
(223  -  2673)	1
(223  -  3214)	1
(236  -  301)	1
(236  -  352)	1
(236  -  2380)	1
(236  -  2742)	1
(236  -  2903)	1
(236  -  4129)	1
(275  -  647)	1
(275  -  1481)	1
(275  -  4639)	1
(276  -  856)	1
(276  -  3088)	1
(277  -  437)	1
(277  -  1871)	1
(277  -  2475)	1
(277  -  2941)	1
(278  -  747)	1
(278  -  4218)	1
(278  -  4317)	1
(279  -  3545)	1
(279  -  3946)	1
(280  -  1365)	1
(280  -  1577)	1
(280  -  2710)	1
(280  -  4372)	1
(281  -  732)	1
(281  -  919)	1
(281  -  1014)	1
(281  -  3359)	1
(281  -  3600)	1
(281  -  4060)	1
(281  -  4517)	1
(281  -  4841)	1
(282  -  868)	1
(282  -  1024)	1
(282  -  3301)	1
(282  -  3688)	1
(284  -  727)	1
(284  -  2156)	1
(285  -  822)	1
(285  -  1038)	1
(285  -  1286)	1
(285  -  1700)	1
(285  -  4648)	1
(286  -  1200)	1
(286  -  1978)	1
(286  -  4034)	1
(286  -  4260)	1
(287  -  64)	1
(64  -  2670)	1
(64  -  4133)	1
(64  -  4574)	1
(287  -  69)	1
(69  -  3922)	1
(69  -  3943)	1
(69  -  4203)	1
(287  -  1045)	1
(287  -  2423)	1
(287  -  3093)	1
(287  -  3705)	1
(288  -  343)	1
(288  -  2175)	1
(288  -  2779)	1
(288  -  4057)	1
(289  -  145)	1
(145  -  172)	1
(145  -  552)	1
(145  -  796)	1
(145  -  2227)	1
(145  -  4462)	1
(172  -  484)	1
(172  -  845)	1
(172  -  1319)	1
(172  -  1828)	1
(289  -  1887)	1
(289  -  3845)	1
(290  -  1723)	1
(290  -  1750)	1
(291  -  365)	1
(291  -  2778)	1
(291  -  3666)	1
(292  -  1515)	1
(292  -  3611)	1
(292  -  3643)	1
(294  -  490)	1
(294  -  625)	1
(295  -  167)	1
(167  -  1112)	1
(167  -  3497)	1
(167  -  4315)	1
(167  -  4380)	1
(295  -  1074)	1
(295  -  1296)	1
(295  -  2716)	1
(295  -  4059)	1
(296  -  1526)	1
(296  -  2229)	1
(296  -  3710)	1
(296  -  4457)	1
(297  -  194)	1
(194  -  61)	1
(61  -  4088)	1
(194  -  843)	1
(194  -  885)	1
(194  -  1276)	1
(297  -  1779)	1
(297  -  4487)	1
(297  -  4658)	1
(297  -  4839)	1
(298  -  164)	1
(298  -  345)	1
(298  -  391)	1
(298  -  2973)	1
(298  -  3100)	1
(299  -  903)	1
(299  -  1330)	1
(299  -  3081)	1
(300  -  1292)	1
(300  -  3115)	1
(300  -  3996)	1
(300  -  4255)	1
(301  -  4205)	1
(302  -  4243)	1
(303  -  850)	1
(303  -  3833)	1
(303  -  4619)	1
(304  -  2812)	1
(304  -  2910)	1
(304  -  4038)	1
(304  -  4285)	1
(304  -  4441)	1
(305  -  987)	1
(305  -  2061)	1
(306  -  458)	1
(306  -  470)	1
(306  -  1225)	1
(306  -  1703)	1
(306  -  3038)	1
(306  -  3657)	1
(306  -  3692)	1
(307  -  1892)	1
(307  -  2601)	1
(307  -  2876)	1
(307  -  3346)	1
(307  -  3362)	1
(309  -  3831)	1
(309  -  4039)	1
(309  -  4477)	1
(310  -  677)	1
(311  -  1586)	1
(311  -  2222)	1
(311  -  2286)	1
(311  -  2794)	1
(311  -  4811)	1
(312  -  527)	1
(312  -  3390)	1
(316  -  584)	1
(316  -  1662)	1
(317  -  79)	1
(79  -  4200)	1
(319  -  417)	1
(319  -  855)	1
(320  -  1155)	1
(320  -  1490)	1
(320  -  3194)	1
(321  -  785)	1
(321  -  866)	1
(321  -  3199)	1
(322  -  3580)	1
(324  -  1136)	1
(324  -  1468)	1
(324  -  1878)	1
(324  -  2711)	1
(324  -  4544)	1
(325  -  1881)	1
(325  -  2196)	1
(325  -  2730)	1
(325  -  3361)	1
(325  -  3746)	1
(326  -  142)	1
(142  -  826)	1
(142  -  3381)	1
(326  -  2041)	1
(326  -  2566)	1
(326  -  3954)	1
(327  -  4607)	1
(328  -  3500)	1
(328  -  4484)	1
(330  -  2305)	1
(331  -  283)	1
(283  -  719)	1
(283  -  1917)	1
(283  -  2468)	1
(331  -  1117)	1
(331  -  3043)	1
(333  -  1352)	1
(333  -  1424)	1
(333  -  3133)	1
(333  -  3849)	1
(334  -  817)	1
(334  -  1224)	1
(334  -  2531)	1
(334  -  4293)	1
(334  -  4606)	1
(334  -  4633)	1
(335  -  3673)	1
(335  -  4678)	1
(336  -  2210)	1
(337  -  217)	1
(217  -  1448)	1
(217  -  3612)	1
(337  -  759)	1
(337  -  4370)	1
(338  -  1637)	1
(338  -  3649)	1
(339  -  99)	1
(339  -  252)	1
(252  -  3716)	1
(339  -  1833)	1
(340  -  4964)	1
(341  -  2116)	1
(342  -  416)	1
(342  -  1909)	1
(343  -  34)	1
(34  -  2536)	1
(34  -  3997)	1
(343  -  1421)	1
(343  -  2796)	1
(343  -  2987)	1
(345  -  3259)	1
(347  -  992)	1
(348  -  3041)	1
(348  -  3439)	1
(349  -  1464)	1
(349  -  2128)	1
(349  -  4902)	1
(351  -  4989)	1
(352  -  970)	1
(352  -  1631)	1
(352  -  3131)	1
(354  -  529)	1
(354  -  3035)	1
(355  -  3119)	1
(355  -  3123)	1
(356  -  413)	1
(356  -  2681)	1
(356  -  4956)	1
(357  -  3810)	1
(358  -  193)	1
(193  -  710)	1
(358  -  3262)	1
(358  -  3529)	1
(359  -  572)	1
(360  -  1251)	1
(360  -  1974)	1
(360  -  3912)	1
(360  -  4417)	1
(361  -  4984)	1
(362  -  895)	1
(362  -  1499)	1
(363  -  2741)	1
(363  -  3608)	1
(364  -  2565)	1
(365  -  308)	1
(308  -  96)	1
(308  -  123)	1
(308  -  1425)	1
(308  -  1850)	1
(308  -  2921)	1
(366  -  812)	1
(366  -  3862)	1
(367  -  4576)	1
(368  -  653)	1
(369  -  163)	1
(369  -  3261)	1
(371  -  1068)	1
(371  -  1395)	1
(372  -  1926)	1
(372  -  2347)	1
(375  -  208)	1
(208  -  1169)	1
(376  -  3614)	1
(376  -  4784)	1
(378  -  1018)	1
(378  -  1981)	1
(378  -  3049)	1
(378  -  4513)	1
(379  -  1426)	1
(379  -  1557)	1
(379  -  4294)	1
(380  -  129)	1
(380  -  2427)	1
(380  -  2461)	1
(381  -  1099)	1
(382  -  2068)	1
(383  -  318)	1
(383  -  2174)	1
(385  -  559)	1
(385  -  1023)	1
(386  -  4392)	1
(387  -  30)	1
(387  -  814)	1
(387  -  3813)	1
(388  -  723)	1
(389  -  2376)	1
(390  -  1635)	1
(391  -  350)	1
(392  -  4957)	1
(393  -  2467)	1
(395  -  1495)	1
(396  -  2995)	1
(397  -  1699)	1
(400  -  1874)	1
(400  -  3594)	1
(401  -  896)	1
(401  -  2379)	1
(401  -  4865)	1
(403  -  1679)	1
(403  -  3187)	1
(405  -  2020)	1
(407  -  323)	1
(323  -  3446)	1
(323  -  4933)	1
(407  -  1244)	1
(408  -  4636)	1
(410  -  4345)	1
(414  -  2070)	1
(415  -  4638)	1
(417  -  3951)	1
(418  -  293)	1
(419  -  775)	1
(419  -  4233)	1
(422  -  551)	1
(422  -  2688)	1
(423  -  2721)	1
(424  -  876)	1
(426  -  4311)	1
(427  -  2418)	1
(430  -  946)	1
(430  -  3604)	1
(431  -  716)	1
(431  -  2348)	1
(432  -  3696)	1
(433  -  83)	1
(433  -  2148)	1
(434  -  2783)	1
(436  -  2706)	1
(436  -  3275)	1
(441  -  4419)	1
(444  -  3036)	1
(445  -  3539)	1
(446  -  994)	1
(446  -  2944)	1
(447  -  1656)	1
(456  -  2542)	1
(456  -  3970)	1
(456  -  4506)	1
(458  -  745)	1
(459  -  924)	1
(460  -  4927)	1
(462  -  659)	1
(464  -  87)	1
(465  -  4880)	1
(465  -  4885)	1
(468  -  4939)	1
(474  -  2950)	1
(474  -  4549)	1
(479  -  1777)	1
(485  -  1004)	1
(490  -  4165)	1
(493  -  1875)	1
(493  -  2383)	1
(493  -  4829)	1
(500  -  771)	1
(508  -  1574)	1
(508  -  1760)	1
(509  -  2104)	1
(510  -  1634)	1
(517  -  3461)	1
(522  -  4491)	1
(524  -  848)	1
(526  -  4050)	1
(528  -  1846)	1
(530  -  124)	1
(543  -  675)	1
(545  -  4180)	1
(547  -  3164)	1
(554  -  3627)	1
(558  -  3733)	1
(560  -  2722)	1
(561  -  1570)	1
(564  -  3639)	1
(574  -  2342)	1
(578  -  3771)	1
(589  -  1190)	1
(595  -  2960)	1
(601  -  440)	1
(618  -  1914)	1
(632  -  4600)	1
(647  -  4199)	1
(659  -  492)	1
(681  -  4445)	1
(689  -  3111)	1
(701  -  258)	1
(714  -  3025)	1
(746  -  1354)	1
(781  -  1230)	1
(878  -  1430)	1
Ukupna tezina - > 4999